SCAFFOLD00009,92396	C	C
SCAFFOLD00009,78811	G	C,A,T
SCAFFOLD00009,73399	A	A
SCAFFOLD00009,18098	T	T
SCAFFOLD00009,59120	A	G
SCAFFOLD00009,115473	T	T
SCAFFOLD00009,96388	G	G
SCAFFOLD00009,89077	A	A
SCAFFOLD00009,61107	G	G
SCAFFOLD00009,85095	A	A
SCAFFOLD00009,117375	C	C
SCAFFOLD00009,16560	C	C
SCAFFOLD00009,50000	G	G
SCAFFOLD00009,39895	T	T
SCAFFOLD00009,8862	G	G
SCAFFOLD00009,86220	A	T
SCAFFOLD00009,78315	T	T
SCAFFOLD00009,14581	A	A
SCAFFOLD00009,109053	C	C
SCAFFOLD00009,4146	A	A
SCAFFOLD00009,33133	T	T
SCAFFOLD00009,105582	C	A
SCAFFOLD00009,108345	A	A
SCAFFOLD00009,83041	G	G
SCAFFOLD00009,99946	T	T
SCAFFOLD00009,35937	C	T
SCAFFOLD00009,102599	G	A
SCAFFOLD00009,61449	T	C
SCAFFOLD00009,44299	G	A
SCAFFOLD00009,46730	C	C
SCAFFOLD00009,108613	C	C
SCAFFOLD00009,101493	C	T
SCAFFOLD00009,100549	C	C
SCAFFOLD00009,49622	C	C
SCAFFOLD00009,113298	A	A
SCAFFOLD00009,80234	A	A
SCAFFOLD00009,28436	C	T
SCAFFOLD00009,117262	G	A
SCAFFOLD00009,61872	A	T
SCAFFOLD00009,96791	C	T
SCAFFOLD00009,2797	A	A
SCAFFOLD00009,68938	G	A
SCAFFOLD00009,55936	G	T
SCAFFOLD00009,81839	C	C
SCAFFOLD00009,22798	G	G
SCAFFOLD00009,22655	C	G
SCAFFOLD00009,118460	A	T
SCAFFOLD00009,53705	G	C
SCAFFOLD00009,32764	C	C
SCAFFOLD00009,11805	C	C
SCAFFOLD00009,115611	A	A
SCAFFOLD00009,86023	A	A
SCAFFOLD00009,45901	G	A
SCAFFOLD00009,99208	A	A
SCAFFOLD00009,101661	C	T
SCAFFOLD00009,62613	C	T
SCAFFOLD00009,118655	T	T
SCAFFOLD00009,108164	G	G
SCAFFOLD00009,39635	C	G
SCAFFOLD00009,52929	T	T
SCAFFOLD00009,22992	A	A
SCAFFOLD00009,13147	T	T
SCAFFOLD00009,105098	C	C
SCAFFOLD00009,51196	C	C
SCAFFOLD00009,49859	G	G
SCAFFOLD00009,87623	C	C
SCAFFOLD00009,61356	T	T
SCAFFOLD00009,90355	G	G
SCAFFOLD00009,25599	C	G
SCAFFOLD00009,43747	T	C
SCAFFOLD00009,96348	C	T
SCAFFOLD00009,99568	G	G
SCAFFOLD00009,58643	G	G
SCAFFOLD00009,91834	C	C
SCAFFOLD00009,99053	G	G
SCAFFOLD00009,65589	C	C
SCAFFOLD00009,99207	C	C
SCAFFOLD00009,95796	G	A
SCAFFOLD00009,21832	T	T
SCAFFOLD00009,118031	C	C
SCAFFOLD00009,86030	C	C
SCAFFOLD00009,99596	A	A
SCAFFOLD00009,49378	A	A
SCAFFOLD00009,27428	C	C
SCAFFOLD00009,98901	C	C
SCAFFOLD00009,49376	A	A
SCAFFOLD00009,58120	G	C
SCAFFOLD00009,75759	A	A
SCAFFOLD00009,19688	C	T
SCAFFOLD00009,103148	A	C
SCAFFOLD00009,8955	T	T
SCAFFOLD00009,102963	T	A
SCAFFOLD00009,103766	G	A
SCAFFOLD00009,99762	A	A
SCAFFOLD00009,82001	A	T
SCAFFOLD00009,86080	T	C
SCAFFOLD00009,39093	T	G
SCAFFOLD00009,75842	G	G
SCAFFOLD00009,55088	A	G
SCAFFOLD00009,81599	G	G
SCAFFOLD00009,83092	C	C
SCAFFOLD00009,81225	T	T
SCAFFOLD00009,29026	C	C
SCAFFOLD00009,19850	G	T
SCAFFOLD00009,40194	C	C
SCAFFOLD00009,85616	T	T
SCAFFOLD00009,60136	G	C
SCAFFOLD00009,85942	T	C
SCAFFOLD00009,101171	G	T
SCAFFOLD00009,51982	G	T
SCAFFOLD00009,48012	T	T
SCAFFOLD00009,108667	T	T
SCAFFOLD00009,80919	G	G
SCAFFOLD00009,48910	C	C
SCAFFOLD00009,102622	T	C
SCAFFOLD00009,51022	C	C
SCAFFOLD00009,79746	A	A
SCAFFOLD00009,13775	C	C
SCAFFOLD00009,15321	G	A
SCAFFOLD00009,101239	T	G
SCAFFOLD00009,18851	T	T
SCAFFOLD00009,104456	C	T
SCAFFOLD00009,34221	G	G
SCAFFOLD00009,93294	G	G
SCAFFOLD00009,45474	G	G
SCAFFOLD00009,94360	C	C
SCAFFOLD00009,60553	A	A
SCAFFOLD00009,33844	T	T
SCAFFOLD00009,99340	C	C
SCAFFOLD00009,12868	T	T
SCAFFOLD00009,99348	C	C
SCAFFOLD00009,10315	A	A
SCAFFOLD00009,70925	C	C
SCAFFOLD00009,101614	G	A
SCAFFOLD00009,48901	T	T
SCAFFOLD00009,101069	C	C
SCAFFOLD00009,20326	G	G
SCAFFOLD00009,69510	A	A
SCAFFOLD00009,86097	C	T
SCAFFOLD00009,37546	T	T
SCAFFOLD00009,112890	G	G
SCAFFOLD00009,96583	A	T
SCAFFOLD00009,97268	G	G
SCAFFOLD00009,52023	A	A
SCAFFOLD00009,92871	C	A
SCAFFOLD00009,59853	T	C
SCAFFOLD00009,82556	G	G
SCAFFOLD00009,109947	T	T
SCAFFOLD00009,79173	T	T
SCAFFOLD00009,52993	G	G
SCAFFOLD00009,99120	G	G
SCAFFOLD00009,95220	C	C
SCAFFOLD00009,74046	C	C
SCAFFOLD00009,99126	T	T
SCAFFOLD00009,99339	C	C
SCAFFOLD00009,99608	A	A
SCAFFOLD00009,60666	C	T
SCAFFOLD00009,95250	C	C
SCAFFOLD00009,101355	T	T
SCAFFOLD00009,38634	G	G
SCAFFOLD00009,27188	A	A
SCAFFOLD00009,81789	G	G
SCAFFOLD00009,17746	A	T
SCAFFOLD00009,119456	T	T
SCAFFOLD00009,99329	T	T
SCAFFOLD00009,17745	A	T
SCAFFOLD00009,28371	C	C
SCAFFOLD00009,100612	T	A
SCAFFOLD00009,102677	T	A
SCAFFOLD00009,38031	A	A
SCAFFOLD00009,99940	G	G
SCAFFOLD00009,26111	A	A
SCAFFOLD00009,19987	G	G
SCAFFOLD00009,34202	A	A
SCAFFOLD00009,101298	C	T
SCAFFOLD00009,98733	T	A
SCAFFOLD00009,110575	A	A
SCAFFOLD00009,35553	G	G
SCAFFOLD00009,31450	C	C
SCAFFOLD00009,53365	C	C
SCAFFOLD00009,51387	A	G
SCAFFOLD00009,74947	T	T
SCAFFOLD00009,111743	C	C
SCAFFOLD00009,30023	A	C
SCAFFOLD00009,116070	T	A
SCAFFOLD00009,17669	C	C
SCAFFOLD00009,13823	T	T
SCAFFOLD00009,1575	C	C
SCAFFOLD00009,44822	C	T
SCAFFOLD00009,1287	T	T
SCAFFOLD00009,84846	C	C
SCAFFOLD00009,99723	C	C
SCAFFOLD00009,42170	G	G
SCAFFOLD00009,13701	G	G
SCAFFOLD00009,108332	G	A
SCAFFOLD00009,81300	G	G
SCAFFOLD00009,50155	G	G
SCAFFOLD00009,113585	C	G
SCAFFOLD00009,45722	G	G
SCAFFOLD00009,22199	A	C
SCAFFOLD00009,71110	C	C
SCAFFOLD00009,83783	T	G
SCAFFOLD00009,28975	C	C
SCAFFOLD00009,104345	C	C
SCAFFOLD00009,80013	C	C
SCAFFOLD00009,52596	G	G
SCAFFOLD00008,114786	A	A
SCAFFOLD00008,108991	A	A
SCAFFOLD00008,123438	T	T
SCAFFOLD00008,113351	T	T
SCAFFOLD00008,88655	C	C
SCAFFOLD00008,73540	G	T
SCAFFOLD00008,123538	G	G
SCAFFOLD00008,43372	C	T
SCAFFOLD00008,43373	G	G
SCAFFOLD00008,35788	T	T
SCAFFOLD00008,115813	A	A
SCAFFOLD00008,31297	G	G
SCAFFOLD00008,113733	T	T
SCAFFOLD00008,41478	T	C,G
SCAFFOLD00008,11850	C	C
SCAFFOLD00008,94208	T	T
SCAFFOLD00008,42960	C	C
SCAFFOLD00008,117412	A	A
SCAFFOLD00008,43188	G	G
SCAFFOLD00008,111653	G	G
SCAFFOLD00008,117788	C	C
SCAFFOLD00008,98762	C	C
SCAFFOLD00008,87031	G	C
SCAFFOLD00008,46134	T	T
SCAFFOLD00008,88252	A	A
SCAFFOLD00008,46130	G	G
SCAFFOLD00008,96587	C	C
SCAFFOLD00008,101792	A	C
SCAFFOLD00008,116736	A	A
SCAFFOLD00008,75688	C	C
SCAFFOLD00008,47547	A	A
SCAFFOLD00008,30678	A	G
SCAFFOLD00008,31271	T	T
SCAFFOLD00008,14326	C	C
SCAFFOLD00008,103161	G	G
SCAFFOLD00008,94332	G	G
SCAFFOLD00008,17982	T	T
SCAFFOLD00008,24379	C	C
SCAFFOLD00008,88727	G	G
SCAFFOLD00008,14752	C	T,G
SCAFFOLD00008,114077	A	A
SCAFFOLD00008,96651	A	A
SCAFFOLD00008,108873	C	C
SCAFFOLD00008,15588	A	A
SCAFFOLD00008,121807	T	T
SCAFFOLD00008,31557	T	T
SCAFFOLD00008,2767	G	A
SCAFFOLD00008,89009	C	T
SCAFFOLD00008,114352	C	C
SCAFFOLD00008,37524	A	A
SCAFFOLD00008,103764	G	G
SCAFFOLD00008,45569	G	G
SCAFFOLD00008,13330	C	T
SCAFFOLD00008,46640	C	C
SCAFFOLD00008,11611	T	T
SCAFFOLD00008,117005	G	G
SCAFFOLD00008,47382	A	A
SCAFFOLD00008,126120	C	G
SCAFFOLD00008,120619	G	G
SCAFFOLD00008,3806	C	T
SCAFFOLD00008,96872	C	C
SCAFFOLD00008,47368	G	G
SCAFFOLD00008,92614	T	T
SCAFFOLD00008,113386	G	G
SCAFFOLD00008,111484	C	C
SCAFFOLD00008,105231	A	A
SCAFFOLD00008,112137	C	C
SCAFFOLD00008,71125	C	A
SCAFFOLD00008,5088	G	G
SCAFFOLD00008,38725	T	T
SCAFFOLD00008,120760	G	G
SCAFFOLD00008,115928	G	G
SCAFFOLD00008,89345	C	C
SCAFFOLD00008,68675	T	T
SCAFFOLD00008,105065	G	G
SCAFFOLD00008,73932	C	C
SCAFFOLD00008,70485	T	T
SCAFFOLD00008,68692	C	T
SCAFFOLD00008,59531	C	A
SCAFFOLD00008,98035	C	C
SCAFFOLD00008,59921	A	C
SCAFFOLD00008,117298	T	T
SCAFFOLD00008,11405	A	G
SCAFFOLD00008,58696	T	T
SCAFFOLD00008,107147	C	C
SCAFFOLD00008,68592	T	T
SCAFFOLD00008,93409	A	A
SCAFFOLD00008,72492	G	G
SCAFFOLD00008,115700	C	C
SCAFFOLD00008,85523	T	T
SCAFFOLD00008,109327	G	G
SCAFFOLD00008,115568	T	T
SCAFFOLD00008,39969	A	A
SCAFFOLD00008,115096	C	C
SCAFFOLD00008,109738	G	G
SCAFFOLD00008,36271	A	A
SCAFFOLD00008,117204	A	A
SCAFFOLD00008,24872	T	A
SCAFFOLD00008,91464	T	T
SCAFFOLD00008,47262	G	T
SCAFFOLD00008,28046	A	A
SCAFFOLD00008,79712	A	A
SCAFFOLD00008,58031	C	C
SCAFFOLD00008,70613	T	T
SCAFFOLD00008,113624	A	A
SCAFFOLD00008,113626	A	A
SCAFFOLD00008,105825	C	C
SCAFFOLD00008,77654	G	T
SCAFFOLD00008,67840	A	G
SCAFFOLD00008,122266	G	G
SCAFFOLD00008,121507	T	T
SCAFFOLD00008,44932	G	A
SCAFFOLD00008,70295	C	G
SCAFFOLD00008,118970	C	C
SCAFFOLD00008,35016	G	T
SCAFFOLD00008,70509	G	G
SCAFFOLD00008,31510	T	T
SCAFFOLD00008,85011	A	A
SCAFFOLD00008,45533	T	T
SCAFFOLD00008,126417	C	C
SCAFFOLD00008,48109	C	C
SCAFFOLD00008,114049	C	C
SCAFFOLD00008,59711	A	A
SCAFFOLD00008,6718	G	C
SCAFFOLD00008,121744	C	C
SCAFFOLD00008,9703	C	T
SCAFFOLD00008,117660	G	G
SCAFFOLD00008,118729	C	C
SCAFFOLD00008,75025	T	T
SCAFFOLD00008,87500	G	C,T
SCAFFOLD00008,88495	G	G
SCAFFOLD00008,117782	A	A
SCAFFOLD00008,45330	C	A,G
SCAFFOLD00008,113749	C	C
SCAFFOLD00008,71377	G	G
SCAFFOLD00008,91848	T	T
SCAFFOLD00008,32768	G	G
SCAFFOLD00008,59141	A	A
SCAFFOLD00008,18666	C	C
SCAFFOLD00008,12904	A	A
SCAFFOLD00008,117013	G	G
SCAFFOLD00008,117790	G	G
SCAFFOLD00008,86220	T	T
SCAFFOLD00008,87026	T	C
SCAFFOLD00008,29447	C	C
SCAFFOLD00008,37229	G	G
SCAFFOLD00008,113878	G	G
SCAFFOLD00008,121325	A	A
SCAFFOLD00008,1813	G	G
SCAFFOLD00008,37240	C	C
SCAFFOLD00008,96731	G	G
SCAFFOLD00008,116338	C	C
SCAFFOLD00008,71497	G	G
SCAFFOLD00008,65469	G	G
SCAFFOLD00008,100957	T	T
SCAFFOLD00008,51857	C	T
SCAFFOLD00008,47952	G	G
SCAFFOLD00008,47956	A	A
SCAFFOLD00008,2270	C	T
SCAFFOLD00008,46150	T	T
SCAFFOLD00008,18141	A	A
SCAFFOLD00008,116615	T	T
SCAFFOLD00008,91635	G	G
SCAFFOLD00008,92452	C	A
SCAFFOLD00008,114835	G	G
SCAFFOLD00008,91736	G	G
SCAFFOLD00008,98292	A	A
SCAFFOLD00008,48221	A	A
SCAFFOLD00008,113710	G	G
SCAFFOLD00008,111580	G	G
SCAFFOLD00008,115844	G	G
SCAFFOLD00008,91254	G	G
SCAFFOLD00008,39233	A	A
SCAFFOLD00008,2081	C	T
SCAFFOLD00008,45397	C	C
SCAFFOLD00008,88678	T	T
SCAFFOLD00008,117690	T	T
SCAFFOLD00008,114403	A	A
SCAFFOLD00008,89359	G	G
SCAFFOLD00008,115624	G	G
SCAFFOLD00008,92998	G	G
SCAFFOLD00008,120671	C	C
SCAFFOLD00008,15674	C	C
SCAFFOLD00008,98794	C	C
SCAFFOLD00008,120107	G	G
SCAFFOLD00008,77661	A	T
SCAFFOLD00008,126047	A	A
SCAFFOLD00008,32327	C	C
SCAFFOLD00008,46054	T	T
SCAFFOLD00008,47852	A	A
SCAFFOLD00008,98337	T	T
SCAFFOLD00008,51886	G	G
SCAFFOLD00008,83212	C	C
SCAFFOLD00008,12485	T	T
SCAFFOLD00008,6968	G	A
SCAFFOLD00008,116658	T	T
SCAFFOLD00008,118361	T	T
SCAFFOLD00008,36260	G	G
SCAFFOLD00008,77847	G	G
SCAFFOLD00008,103786	T	C
SCAFFOLD00008,31750	G	G
SCAFFOLD00008,88822	A	A
SCAFFOLD00008,48344	T	T
SCAFFOLD00008,100546	G	G
SCAFFOLD00008,92793	C	C
SCAFFOLD00008,103665	G	A
SCAFFOLD00008,4879	A	A
SCAFFOLD00008,117309	A	A
SCAFFOLD00008,31501	C	C
SCAFFOLD00008,115270	C	C
SCAFFOLD00008,113506	G	G
SCAFFOLD00008,113276	A	A
SCAFFOLD00008,118986	G	G
SCAFFOLD00008,18479	G	G
SCAFFOLD00008,58975	C	C
SCAFFOLD00008,74720	T	T
SCAFFOLD00008,115970	T	T
SCAFFOLD00008,9717	C	C
SCAFFOLD00008,96852	C	A
SCAFFOLD00008,18875	C	C
SCAFFOLD00008,83813	A	A
SCAFFOLD00008,7367	T	A
SCAFFOLD00008,113202	T	T
SCAFFOLD00008,58809	G	G
SCAFFOLD00008,88788	T	T
SCAFFOLD00008,28120	C	C
SCAFFOLD00008,41102	T	T
SCAFFOLD00008,59676	A	A
SCAFFOLD00008,116437	C	C
SCAFFOLD00008,113870	G	G
SCAFFOLD00008,42537	G	G
SCAFFOLD00008,104902	A	A
SCAFFOLD00008,40917	G	G
SCAFFOLD00008,43326	C	C
SCAFFOLD00008,37338	C	C
SCAFFOLD00008,68713	G	G
SCAFFOLD00008,13036	T	T
SCAFFOLD00008,123862	C	C
SCAFFOLD00008,47485	A	A
SCAFFOLD00008,116320	T	T
SCAFFOLD00008,3754	T	T
SCAFFOLD00008,18191	C	C
SCAFFOLD00008,73217	C	C
SCAFFOLD00008,122163	C	C
SCAFFOLD00008,7159	A	T
SCAFFOLD00008,66336	G	T
SCAFFOLD00008,66335	T	C,G
SCAFFOLD00008,77637	T	T
SCAFFOLD00008,62268	T	T
SCAFFOLD00008,88129	C	C
SCAFFOLD00008,114331	A	A
SCAFFOLD00008,115229	C	C
SCAFFOLD00008,53057	C	C
SCAFFOLD00008,115223	G	G
SCAFFOLD00008,115222	T	T
SCAFFOLD00008,47663	A	A
SCAFFOLD00008,94001	A	A
SCAFFOLD00008,94004	G	G
SCAFFOLD00008,116662	G	G
SCAFFOLD00008,75671	G	G
SCAFFOLD00008,44961	T	T
SCAFFOLD00008,79934	A	A
SCAFFOLD00008,7993	G	C
SCAFFOLD00008,85574	C	C
SCAFFOLD00008,99125	C	C
SCAFFOLD00008,117615	T	T
SCAFFOLD00008,113726	C	C
SCAFFOLD00008,46682	C	C
SCAFFOLD00008,37479	G	C,T
SCAFFOLD00008,39206	C	C
SCAFFOLD00008,56971	C	C
SCAFFOLD00008,106394	G	G
SCAFFOLD00008,91548	A	C
SCAFFOLD00008,73741	G	A
SCAFFOLD00008,42140	C	C
SCAFFOLD00008,42144	A	A
SCAFFOLD00008,70983	T	T
SCAFFOLD00008,113839	C	C
SCAFFOLD00008,108960	A	A
SCAFFOLD00008,114796	A	A
SCAFFOLD00008,124884	G	G
SCAFFOLD00008,93162	C	C
SCAFFOLD00008,121442	A	A
SCAFFOLD00008,92064	T	T
SCAFFOLD00008,122791	C	C
SCAFFOLD00008,113333	A	A
SCAFFOLD00008,73529	A	A
SCAFFOLD00008,92849	C	A
SCAFFOLD00008,15160	G	G
SCAFFOLD00008,108180	G	G
SCAFFOLD00008,48750	A	A
SCAFFOLD00008,117465	A	A
SCAFFOLD00008,25372	T	T
SCAFFOLD00008,97005	G	A
SCAFFOLD00008,107769	A	A
SCAFFOLD00008,65785	A	A
SCAFFOLD00008,43763	G	A
SCAFFOLD00008,24380	G	G
SCAFFOLD00008,115503	G	G
SCAFFOLD00008,106341	T	T
SCAFFOLD00008,78733	A	A
SCAFFOLD00008,55824	A	A
SCAFFOLD00008,116319	T	T
SCAFFOLD00008,117385	A	A
SCAFFOLD00008,18002	A	A
SCAFFOLD00008,14743	A	T
SCAFFOLD00008,105071	A	A
SCAFFOLD00008,87635	A	A
SCAFFOLD00008,98405	T	T
SCAFFOLD00008,42043	C	C
SCAFFOLD00008,124904	G	G
SCAFFOLD00008,49757	C	C
SCAFFOLD00008,121588	A	A
SCAFFOLD00008,30914	T	T
SCAFFOLD00008,12581	T	T
SCAFFOLD00008,76199	G	G
SCAFFOLD00008,117315	C	C
SCAFFOLD00008,6264	T	C
SCAFFOLD00008,35911	G	G
SCAFFOLD00008,85030	T	T
SCAFFOLD00008,116220	G	G
SCAFFOLD00008,4411	G	T
SCAFFOLD00008,12090	G	A
SCAFFOLD00008,125579	C	C
SCAFFOLD00008,111968	G	G
SCAFFOLD00008,103477	G	T
SCAFFOLD00008,124348	C	C
SCAFFOLD00008,74631	T	T
SCAFFOLD00008,112398	G	G
SCAFFOLD00008,45671	A	A
SCAFFOLD00008,90014	C	T
SCAFFOLD00008,113301	G	G
SCAFFOLD00008,117649	T	T
SCAFFOLD00008,93616	C	C
SCAFFOLD00008,106121	T	T
SCAFFOLD00008,62457	C	C
SCAFFOLD00008,15336	C	C
SCAFFOLD00008,37036	G	G
SCAFFOLD00008,119150	A	A
SCAFFOLD00008,113605	T	T
SCAFFOLD00008,113604	G	G
SCAFFOLD00008,85105	T	T
SCAFFOLD00008,113764	G	G
SCAFFOLD00008,113763	C	C
SCAFFOLD00008,41054	G	G
SCAFFOLD00008,66334	C	A
SCAFFOLD00008,70956	A	G
SCAFFOLD00008,70957	A	A
SCAFFOLD00008,6600	A	A
SCAFFOLD00008,6168	A	T
SCAFFOLD00008,126936	T	T
SCAFFOLD00008,42520	G	G
SCAFFOLD00008,48011	C	C
SCAFFOLD00008,67003	G	A
SCAFFOLD00008,4741	C	C
SCAFFOLD00008,33904	G	G
SCAFFOLD00008,84616	G	G
SCAFFOLD00008,25144	T	T
SCAFFOLD00008,56660	A	T
SCAFFOLD00008,24945	C	C
SCAFFOLD00008,120571	T	T
SCAFFOLD00008,117105	C	C
SCAFFOLD00008,55867	T	T
SCAFFOLD00008,31701	C	C
SCAFFOLD00008,122171	A	A
SCAFFOLD00008,122272	G	G
SCAFFOLD00008,107150	C	C
SCAFFOLD00008,114924	A	A
SCAFFOLD00008,52998	G	G
SCAFFOLD00008,47619	C	C
SCAFFOLD00008,8991	T	C
SCAFFOLD00008,98540	A	A
SCAFFOLD00008,2235	G	T
SCAFFOLD00008,115250	G	G
SCAFFOLD00008,114238	A	A
SCAFFOLD00008,45415	T	T
SCAFFOLD00008,117216	C	C
SCAFFOLD00008,106523	T	T
SCAFFOLD00008,28296	C	T
SCAFFOLD00008,31450	C	C
SCAFFOLD00008,46501	C	C
SCAFFOLD00008,91873	A	A
SCAFFOLD00008,72309	C	C
SCAFFOLD00008,1805	C	C
SCAFFOLD00008,8999	G	A
SCAFFOLD00008,35394	T	A
SCAFFOLD00008,44914	A	T
SCAFFOLD00008,51543	T	T
SCAFFOLD00010,18496	G	G
SCAFFOLD00010,18495	G	G
SCAFFOLD00010,18494	T	T
SCAFFOLD00010,18493	T	T
SCAFFOLD00010,15455	C	C
SCAFFOLD00010,17766	A	G
SCAFFOLD00010,64266	G	G
SCAFFOLD00010,58750	A	T
SCAFFOLD00010,117775	C	T
SCAFFOLD00010,48144	G	A
SCAFFOLD00010,40158	A	G
SCAFFOLD00010,41546	G	G
SCAFFOLD00010,109175	G	A
SCAFFOLD00010,69798	T	T
SCAFFOLD00010,53087	G	A
SCAFFOLD00010,18492	A	A
SCAFFOLD00010,49936	A	A
SCAFFOLD00010,100479	G	G
SCAFFOLD00010,72701	C	T
SCAFFOLD00010,3797	G	G
SCAFFOLD00010,50559	C	C
SCAFFOLD00010,48955	C	C
SCAFFOLD00010,81522	A	G
SCAFFOLD00010,53074	G	G
SCAFFOLD00010,52441	T	T
SCAFFOLD00010,51678	G	G
SCAFFOLD00010,28218	A	A
SCAFFOLD00010,34306	A	A
SCAFFOLD00010,71430	A	C,T
SCAFFOLD00010,15993	A	G
SCAFFOLD00010,73929	G	G
SCAFFOLD00010,48450	G	C,T
SCAFFOLD00010,47707	T	C
SCAFFOLD00010,23601	A	G
SCAFFOLD00010,78969	G	G
SCAFFOLD00010,58318	T	G
SCAFFOLD00010,39823	G	G
SCAFFOLD00010,105136	A	G
SCAFFOLD00010,15110	A	A
SCAFFOLD00010,31995	T	T
SCAFFOLD00010,99877	G	C
SCAFFOLD00010,94751	T	C
SCAFFOLD00010,83435	C	T
SCAFFOLD00010,37428	G	G
SCAFFOLD00010,117301	C	A,T
SCAFFOLD00010,31669	G	G
SCAFFOLD00010,17854	T	C
SCAFFOLD00010,24117	C	C
SCAFFOLD00010,17083	A	A
SCAFFOLD00010,49346	T	T
SCAFFOLD00010,18392	T	C
SCAFFOLD00010,23686	C	C
SCAFFOLD00010,66477	C	C
SCAFFOLD00010,17655	C	T
SCAFFOLD00010,78970	A	A
SCAFFOLD00010,67416	G	G
SCAFFOLD00010,10324	T	T
SCAFFOLD00010,97983	C	T
SCAFFOLD00010,71401	G	C,A,T
SCAFFOLD00010,32553	C	C
SCAFFOLD00010,115100	G	G
SCAFFOLD00010,46259	A	A
SCAFFOLD00010,101702	C	C
SCAFFOLD00010,24270	A	T
SCAFFOLD00010,94135	A	G
SCAFFOLD00010,7135	A	A
SCAFFOLD00010,57614	T	T
SCAFFOLD00010,15182	C	C
SCAFFOLD00010,9314	C	C
SCAFFOLD00010,95126	G	A
SCAFFOLD00010,108595	C	C
SCAFFOLD00010,76864	C	T
SCAFFOLD00010,72952	G	G
SCAFFOLD00010,108876	T	T
SCAFFOLD00010,72978	C	C
SCAFFOLD00010,96252	G	G
SCAFFOLD00010,39483	T	C
SCAFFOLD00010,44745	A	A
SCAFFOLD00010,1011	G	G
SCAFFOLD00010,71035	A	G
SCAFFOLD00010,102036	C	C
SCAFFOLD00010,10130	C	C
SCAFFOLD00010,102139	C	T
SCAFFOLD00010,48579	A	A
SCAFFOLD00010,70542	G	G
SCAFFOLD00010,16126	A	C
SCAFFOLD00010,2285	C	C
SCAFFOLD00010,72777	T	T
SCAFFOLD00010,75619	A	A
SCAFFOLD00010,33862	A	A
SCAFFOLD00010,2273	A	A
SCAFFOLD00010,116072	A	G
SCAFFOLD00010,94516	A	A
SCAFFOLD00010,41902	G	G
SCAFFOLD00010,69815	T	T
SCAFFOLD00010,108179	C	C
SCAFFOLD00010,109487	C	C
SCAFFOLD00010,6505	T	T
SCAFFOLD00010,57053	C	A
SCAFFOLD00010,69174	G	G
SCAFFOLD00010,18748	A	G
SCAFFOLD00010,85759	C	C
SCAFFOLD00010,73118	C	T
SCAFFOLD00010,35276	G	G
SCAFFOLD00010,14638	A	A
SCAFFOLD00010,58269	A	A
SCAFFOLD00010,23083	G	T
SCAFFOLD00010,72749	G	C
SCAFFOLD00010,34751	G	G
SCAFFOLD00010,99104	C	T
SCAFFOLD00010,69307	A	A
SCAFFOLD00010,42822	G	G
SCAFFOLD00010,88122	T	C
SCAFFOLD00010,28548	G	A
SCAFFOLD00010,66580	A	A
SCAFFOLD00010,24350	T	C
SCAFFOLD00010,80061	A	A
SCAFFOLD00010,82400	A	A
SCAFFOLD00010,45076	C	C
SCAFFOLD00010,22300	G	A
SCAFFOLD00010,54427	A	G
SCAFFOLD00010,101991	A	G
SCAFFOLD00010,63495	C	C
SCAFFOLD00010,102272	A	A
SCAFFOLD00010,82979	T	C
SCAFFOLD00010,83774	G	A
SCAFFOLD00010,85565	G	A
SCAFFOLD00010,41168	T	T
SCAFFOLD00010,43945	C	C
SCAFFOLD00010,48652	G	G
SCAFFOLD00010,61564	G	G
SCAFFOLD00010,45640	T	T
SCAFFOLD00010,34367	A	A
SCAFFOLD00010,96942	T	C
SCAFFOLD00010,72695	G	C,A
SCAFFOLD00010,15011	A	A
SCAFFOLD00010,38993	T	T
SCAFFOLD00010,44091	C	C
SCAFFOLD00010,37469	G	G
SCAFFOLD00010,71644	G	A
SCAFFOLD00010,107718	C	C
SCAFFOLD00010,18682	G	A
SCAFFOLD00010,88058	T	T
SCAFFOLD00010,100334	A	A
SCAFFOLD00010,88321	C	C
SCAFFOLD00010,81369	T	T
SCAFFOLD00010,97343	A	A
SCAFFOLD00010,102429	G	A
SCAFFOLD00010,97758	C	A
SCAFFOLD00010,17955	T	T
SCAFFOLD00010,106512	C	C
SCAFFOLD00010,115267	C	T
SCAFFOLD00010,18928	T	A
SCAFFOLD00010,39131	T	A
SCAFFOLD00010,42070	G	A
SCAFFOLD00010,52330	T	G
SCAFFOLD00010,91259	G	A
SCAFFOLD00010,14875	T	T
SCAFFOLD00010,45488	C	C
SCAFFOLD00010,114522	G	C
SCAFFOLD00010,32199	C	C
SCAFFOLD00010,30323	C	C
SCAFFOLD00010,75804	A	A
SCAFFOLD00010,72604	T	T
SCAFFOLD00010,32457	T	C
SCAFFOLD00010,22686	T	C
SCAFFOLD00010,80491	A	G
SCAFFOLD00010,116671	C	T
SCAFFOLD00010,8404	C	C
SCAFFOLD00010,76041	C	G
SCAFFOLD00010,17820	T	T
SCAFFOLD00010,28278	G	G
SCAFFOLD00010,71441	T	A,G
SCAFFOLD00010,15304	T	C
SCAFFOLD00010,83759	A	G
SCAFFOLD00010,7207	G	G
SCAFFOLD00010,117567	C	C
SCAFFOLD00010,98048	C	T
SCAFFOLD00010,59580	G	G
SCAFFOLD00010,96045	G	G
SCAFFOLD00010,3180	G	G
SCAFFOLD00010,14391	T	T
SCAFFOLD00010,37385	G	G
SCAFFOLD00010,76148	A	A
SCAFFOLD00010,79313	T	C
SCAFFOLD00010,51810	A	A
SCAFFOLD00010,114425	T	C
SCAFFOLD00010,73557	A	A
SCAFFOLD00010,61887	C	C
SCAFFOLD00010,96761	T	C
SCAFFOLD00010,30026	C	C
SCAFFOLD00010,117600	G	A
SCAFFOLD00010,50940	T	T
SCAFFOLD00010,7101	T	T
SCAFFOLD00010,488	T	T
SCAFFOLD00010,39294	G	A
SCAFFOLD00010,69538	G	G
SCAFFOLD00010,30439	C	C
SCAFFOLD00010,68220	A	A
SCAFFOLD00010,74273	C	C
SCAFFOLD00010,68850	T	T
SCAFFOLD00010,100763	G	T
SCAFFOLD00010,17267	T	T
SCAFFOLD00010,52591	T	T
SCAFFOLD00010,2162	T	T
SCAFFOLD00003,72706	C	C
SCAFFOLD00003,65712	C	C
SCAFFOLD00003,94638	T	T
SCAFFOLD00003,86847	G	G
SCAFFOLD00003,23754	T	T
SCAFFOLD00003,78915	G	G
SCAFFOLD00003,98013	A	A
SCAFFOLD00003,103786	C	C
SCAFFOLD00003,97656	A	A
SCAFFOLD00003,19268	G	G
SCAFFOLD00003,8383	C	C
SCAFFOLD00003,67563	T	T
SCAFFOLD00003,20844	C	C
SCAFFOLD00003,96459	G	G
SCAFFOLD00003,4470	G	A,T
SCAFFOLD00003,94693	T	T
SCAFFOLD00003,8308	C	C
SCAFFOLD00003,6006	G	G
SCAFFOLD00003,102746	C	C
SCAFFOLD00003,126864	G	G
SCAFFOLD00003,104456	G	G
SCAFFOLD00003,102572	C	C
SCAFFOLD00003,102571	T	T
SCAFFOLD00003,81256	T	T
SCAFFOLD00003,103410	G	G
SCAFFOLD00003,102748	T	T
SCAFFOLD00003,55055	C	C
SCAFFOLD00003,102900	G	G
SCAFFOLD00003,49191	A	A
SCAFFOLD00003,73948	A	A
SCAFFOLD00003,73027	T	T
SCAFFOLD00003,78000	G	G
SCAFFOLD00003,102853	T	T
SCAFFOLD00003,80535	T	T
SCAFFOLD00003,57145	C	T,G
SCAFFOLD00003,88829	T	T
SCAFFOLD00003,103568	A	A
SCAFFOLD00003,54045	T	A
SCAFFOLD00003,44297	T	T
SCAFFOLD00003,7809	A	A
SCAFFOLD00003,45231	T	T
SCAFFOLD00003,36797	A	A
SCAFFOLD00003,14664	A	A
SCAFFOLD00003,90038	C	C
SCAFFOLD00003,10051	C	C
SCAFFOLD00003,102596	A	A
SCAFFOLD00003,102692	G	G
SCAFFOLD00003,26400	G	G
SCAFFOLD00003,103748	G	G
SCAFFOLD00003,102854	G	G
SCAFFOLD00003,90661	C	C
SCAFFOLD00003,103865	A	A
SCAFFOLD00003,58141	G	G
SCAFFOLD00003,43269	C	C
SCAFFOLD00003,49456	T	T
SCAFFOLD00003,79130	G	G
SCAFFOLD00003,79135	A	A
SCAFFOLD00003,81124	A	A
SCAFFOLD00003,102505	G	G
SCAFFOLD00003,103174	C	C
SCAFFOLD00003,33127	A	A
SCAFFOLD00003,74956	T	T
SCAFFOLD00003,102619	T	T
SCAFFOLD00003,102991	C	C
SCAFFOLD00003,103370	A	A
SCAFFOLD00003,36112	G	G
SCAFFOLD00003,102613	C	C
SCAFFOLD00003,110086	C	A,T,G
SCAFFOLD00003,103713	G	G
SCAFFOLD00003,97305	T	T
SCAFFOLD00003,10530	C	C
SCAFFOLD00003,83011	G	G
SCAFFOLD00003,103036	C	C
SCAFFOLD00003,103363	T	T
SCAFFOLD00003,3822	G	G
SCAFFOLD00003,126277	G	G
SCAFFOLD00003,599	G	G
SCAFFOLD00003,48465	T	T
SCAFFOLD00003,124066	T	T
SCAFFOLD00003,101407	G	A
SCAFFOLD00003,102839	G	A
SCAFFOLD00003,109008	T	T
SCAFFOLD00003,80924	T	T
SCAFFOLD00003,131377	G	G
SCAFFOLD00003,92440	T	T
SCAFFOLD00003,20299	C	C
SCAFFOLD00003,43981	A	A
SCAFFOLD00003,50347	C	C
SCAFFOLD00003,123984	G	G
SCAFFOLD00003,58365	C	C
SCAFFOLD00003,108990	C	C
SCAFFOLD00003,19041	T	T
SCAFFOLD00003,26607	G	G
SCAFFOLD00003,2544	C	C
SCAFFOLD00003,8884	G	G
SCAFFOLD00003,46121	G	G
SCAFFOLD00003,103671	T	T
SCAFFOLD00003,79129	G	G
SCAFFOLD00003,85134	A	A
SCAFFOLD00003,132240	G	G
SCAFFOLD00003,40331	C	C
SCAFFOLD00003,45108	A	C
SCAFFOLD00003,30447	T	T
SCAFFOLD00003,105484	T	T
SCAFFOLD00003,116441	C	C
SCAFFOLD00003,68927	G	G
SCAFFOLD00003,47769	C	C
SCAFFOLD00003,20379	G	G
SCAFFOLD00003,131069	A	A
SCAFFOLD00003,97991	A	A
SCAFFOLD00003,55098	G	G
SCAFFOLD00003,6589	C	C
SCAFFOLD00003,102332	T	T
SCAFFOLD00003,103301	A	A
SCAFFOLD00003,47767	C	C
SCAFFOLD00003,40608	T	T
SCAFFOLD00003,50358	G	G
SCAFFOLD00003,98310	T	T
SCAFFOLD00003,18346	C	C
SCAFFOLD00003,126803	C	C
SCAFFOLD00003,8696	C	C
SCAFFOLD00003,126804	G	G
SCAFFOLD00003,81691	A	A
SCAFFOLD00003,87912	C	C
SCAFFOLD00003,87529	C	C
SCAFFOLD00003,102443	G	G
SCAFFOLD00003,81347	T	T
SCAFFOLD00003,98586	G	G
SCAFFOLD00003,50695	A	A
SCAFFOLD00003,103784	A	A
SCAFFOLD00003,43453	A	A
SCAFFOLD00003,44901	A	A
SCAFFOLD00003,39090	A	A
SCAFFOLD00003,54538	A	A
SCAFFOLD00003,79611	C	C
SCAFFOLD00003,103842	T	T
SCAFFOLD00003,83884	C	C
SCAFFOLD00003,120432	A	A
SCAFFOLD00003,46156	G	G
SCAFFOLD00003,47383	G	G
SCAFFOLD00003,100008	T	T
SCAFFOLD00003,45440	G	G
SCAFFOLD00003,14031	A	A
SCAFFOLD00003,82954	T	T
SCAFFOLD00003,65881	G	G
SCAFFOLD00003,84660	A	A
SCAFFOLD00003,54885	C	C
SCAFFOLD00003,65594	G	G
SCAFFOLD00003,103416	C	C
SCAFFOLD00003,128219	G	G
SCAFFOLD00003,8292	T	T
SCAFFOLD00003,54014	T	A
SCAFFOLD00003,9877	C	C
SCAFFOLD00003,109097	G	G
SCAFFOLD00003,48640	C	C
SCAFFOLD00003,48016	C	C
SCAFFOLD00003,45195	G	G
SCAFFOLD00003,102788	A	A
SCAFFOLD00003,97808	T	T
SCAFFOLD00003,102620	A	A
SCAFFOLD00003,75116	A	A
SCAFFOLD00003,99905	G	G
SCAFFOLD00003,102780	G	C
SCAFFOLD00003,79945	C	C
SCAFFOLD00003,79946	G	G
SCAFFOLD00003,80777	A	A
SCAFFOLD00003,83405	G	G
SCAFFOLD00003,79943	T	T
SCAFFOLD00003,102700	G	G
SCAFFOLD00003,103598	G	G
SCAFFOLD00003,73605	G	G
SCAFFOLD00003,99194	A	A
SCAFFOLD00003,122872	A	A
SCAFFOLD00003,9404	C	T
SCAFFOLD00003,37151	C	C
SCAFFOLD00003,26036	T	T
SCAFFOLD00003,103858	T	T
SCAFFOLD00003,101323	T	T
SCAFFOLD00003,73166	A	A
SCAFFOLD00003,54673	G	G
SCAFFOLD00003,102634	T	T
SCAFFOLD00003,45490	A	A
SCAFFOLD00003,103024	C	C
SCAFFOLD00003,99913	C	C
SCAFFOLD00003,76558	C	C
SCAFFOLD00003,82949	T	T
SCAFFOLD00003,56446	A	A
SCAFFOLD00003,80760	G	G
SCAFFOLD00003,79839	C	C
SCAFFOLD00003,91203	A	A
SCAFFOLD00003,58583	G	G
SCAFFOLD00003,45464	A	A
SCAFFOLD00003,110593	T	C,A
SCAFFOLD00003,102422	T	T
SCAFFOLD00003,45785	T	T
SCAFFOLD00003,83419	C	C
SCAFFOLD00003,80804	T	T
SCAFFOLD00003,109494	C	C
SCAFFOLD00003,11530	C	C
SCAFFOLD00003,54963	T	T
SCAFFOLD00003,85595	C	A
SCAFFOLD00003,78884	T	T
SCAFFOLD00003,91322	A	A
SCAFFOLD00003,73662	T	T
SCAFFOLD00003,48312	G	G
SCAFFOLD00003,45595	C	C
SCAFFOLD00003,102899	T	T
SCAFFOLD00003,100022	A	A
SCAFFOLD00003,103335	T	T
SCAFFOLD00003,81385	T	T
SCAFFOLD00003,22113	T	T
SCAFFOLD00003,9345	C	A,T
SCAFFOLD00003,79410	C	C
SCAFFOLD00003,102520	A	A
SCAFFOLD00003,45487	G	G
SCAFFOLD00003,78664	T	T
SCAFFOLD00003,77701	C	C
SCAFFOLD00003,101662	T	T
SCAFFOLD00003,35642	C	C
SCAFFOLD00003,64325	A	A
SCAFFOLD00003,44902	T	T
SCAFFOLD00003,103122	C	C
SCAFFOLD00003,102888	A	A
SCAFFOLD00003,103127	T	T
SCAFFOLD00003,100050	C	C
SCAFFOLD00003,55875	G	G
SCAFFOLD00003,103637	A	A
SCAFFOLD00003,81270	C	C
SCAFFOLD00003,102799	T	T
SCAFFOLD00003,59183	C	A
SCAFFOLD00003,101057	T	T
SCAFFOLD00003,54175	A	A
SCAFFOLD00003,58193	G	G
SCAFFOLD00003,101747	A	C
SCAFFOLD00003,103183	C	C
SCAFFOLD00003,82663	T	T
SCAFFOLD00003,79848	C	C
SCAFFOLD00003,107032	A	A
SCAFFOLD00003,97997	C	C
SCAFFOLD00003,101291	A	A
SCAFFOLD00003,76145	T	T
SCAFFOLD00003,33727	G	G
SCAFFOLD00003,103321	A	A
SCAFFOLD00003,25495	G	G
SCAFFOLD00003,84176	G	G
SCAFFOLD00003,40104	A	A
SCAFFOLD00003,41212	C	C
SCAFFOLD00003,79317	G	G
SCAFFOLD00003,56007	T	T
SCAFFOLD00003,45328	A	A
SCAFFOLD00003,18718	G	G
SCAFFOLD00003,94579	C	C
SCAFFOLD00003,99325	A	A
SCAFFOLD00003,45327	C	C
SCAFFOLD00003,43363	G	G
SCAFFOLD00003,4799	C	C
SCAFFOLD00003,102890	A	A
SCAFFOLD00003,103783	G	G
SCAFFOLD00003,132009	C	C
SCAFFOLD00003,102971	A	A
SCAFFOLD00003,102879	C	C
SCAFFOLD00003,50318	T	T
SCAFFOLD00003,103015	C	C
SCAFFOLD00003,4398	T	C
SCAFFOLD00003,49924	T	T
SCAFFOLD00003,9291	C	T
SCAFFOLD00003,84841	G	G
SCAFFOLD00003,103631	T	T
SCAFFOLD00003,47696	G	G
SCAFFOLD00003,102401	A	G
SCAFFOLD00003,103564	C	C
SCAFFOLD00003,78534	T	T
SCAFFOLD00003,31725	C	C
SCAFFOLD00003,64891	C	C
SCAFFOLD00003,40818	A	A
SCAFFOLD00003,51318	C	C
SCAFFOLD00003,128894	A	A
SCAFFOLD00003,68512	C	C
SCAFFOLD00003,47507	C	C
SCAFFOLD00003,103001	T	T
SCAFFOLD00003,102629	C	C
SCAFFOLD00003,87952	C	C
SCAFFOLD00003,83607	G	G
SCAFFOLD00003,99953	C	C
SCAFFOLD00002,138095	G	G
SCAFFOLD00002,48113	C	C
SCAFFOLD00002,74063	A	A
SCAFFOLD00002,73394	A	A
SCAFFOLD00002,130469	G	G
SCAFFOLD00002,48529	C	C
SCAFFOLD00002,118155	T	T
SCAFFOLD00002,4148	G	G
SCAFFOLD00002,36605	A	A
SCAFFOLD00002,33424	C	C
SCAFFOLD00002,26836	A	T
SCAFFOLD00002,54732	T	C
SCAFFOLD00002,54046	A	T
SCAFFOLD00002,108195	G	G
SCAFFOLD00002,24308	A	A
SCAFFOLD00002,22000	C	C
SCAFFOLD00002,97389	A	A
SCAFFOLD00002,83620	A	A
SCAFFOLD00002,82990	G	G
SCAFFOLD00002,27403	T	T
SCAFFOLD00002,100663	G	G
SCAFFOLD00002,299	C	T
SCAFFOLD00002,96010	A	G
SCAFFOLD00002,129546	A	A
SCAFFOLD00002,108283	C	C
SCAFFOLD00002,108282	T	T
SCAFFOLD00002,57297	C	C
SCAFFOLD00002,17557	C	G
SCAFFOLD00002,123213	A	A
SCAFFOLD00002,74245	T	G
SCAFFOLD00002,25500	G	A
SCAFFOLD00002,59475	C	C
SCAFFOLD00002,115582	G	G
SCAFFOLD00002,101427	T	T
SCAFFOLD00002,2980	T	T
SCAFFOLD00002,99968	C	T
SCAFFOLD00002,130166	T	T
SCAFFOLD00002,137946	C	C
SCAFFOLD00002,83004	C	T
SCAFFOLD00002,64173	C	T
SCAFFOLD00002,57174	C	C
SCAFFOLD00002,16485	C	T
SCAFFOLD00002,28395	T	T
SCAFFOLD00002,4195	G	G
SCAFFOLD00002,4359	C	C
SCAFFOLD00002,137546	G	G
SCAFFOLD00002,28713	G	G
SCAFFOLD00002,27657	T	T
SCAFFOLD00002,45110	G	G
SCAFFOLD00002,1538	C	C
SCAFFOLD00002,47163	C	T
SCAFFOLD00002,62580	A	A
SCAFFOLD00002,135962	C	C
SCAFFOLD00002,99106	C	C
SCAFFOLD00002,58986	T	C
SCAFFOLD00002,108308	T	T
SCAFFOLD00002,90095	T	T
SCAFFOLD00002,47517	A	C
SCAFFOLD00002,135904	C	T
SCAFFOLD00002,48024	C	C
SCAFFOLD00002,111506	T	T
SCAFFOLD00002,34976	G	A
SCAFFOLD00002,95	C	C
SCAFFOLD00002,74698	C	C
SCAFFOLD00002,64830	G	A
SCAFFOLD00002,100582	C	C
SCAFFOLD00002,54395	T	T
SCAFFOLD00002,135868	A	A
SCAFFOLD00002,31387	G	G
SCAFFOLD00002,30157	G	G
SCAFFOLD00002,76577	C	C
SCAFFOLD00002,40480	T	T
SCAFFOLD00002,28690	A	A
SCAFFOLD00002,28698	T	T
SCAFFOLD00002,34382	A	G
SCAFFOLD00002,85375	C	C
SCAFFOLD00002,97933	G	G
SCAFFOLD00002,28369	C	C
SCAFFOLD00002,129629	G	G
SCAFFOLD00002,56094	G	G
SCAFFOLD00002,47043	T	T
SCAFFOLD00002,5177	C	C
SCAFFOLD00002,42283	G	G
SCAFFOLD00002,100573	G	G
SCAFFOLD00002,5072	C	C
SCAFFOLD00002,52670	A	A
SCAFFOLD00002,3418	T	T
SCAFFOLD00002,28625	A	A
SCAFFOLD00002,42167	C	C
SCAFFOLD00002,95582	G	A
SCAFFOLD00002,108341	G	G
SCAFFOLD00002,44727	C	T
SCAFFOLD00002,53951	C	C
SCAFFOLD00002,134621	A	A
SCAFFOLD00002,403	G	G
SCAFFOLD00002,28216	A	A
SCAFFOLD00002,36802	C	T
SCAFFOLD00002,48325	C	C
SCAFFOLD00002,137280	G	G
SCAFFOLD00002,3934	G	G
SCAFFOLD00002,130376	G	G
SCAFFOLD00002,73471	T	T
SCAFFOLD00002,3931	G	G
SCAFFOLD00002,101713	T	C
SCAFFOLD00002,49824	C	C
SCAFFOLD00002,29209	T	T
SCAFFOLD00002,100277	G	G
SCAFFOLD00002,48214	T	T
SCAFFOLD00002,4480	G	G
SCAFFOLD00002,28139	T	T
SCAFFOLD00002,48194	C	C
SCAFFOLD00002,18982	C	C
SCAFFOLD00002,77751	G	A
SCAFFOLD00002,27430	A	A
SCAFFOLD00002,117015	T	T
SCAFFOLD00002,14192	A	A
SCAFFOLD00002,87388	A	A
SCAFFOLD00002,106619	A	A
SCAFFOLD00002,56508	T	T
SCAFFOLD00002,87598	G	G
SCAFFOLD00002,64115	C	C
SCAFFOLD00002,2283	G	G
SCAFFOLD00002,30707	T	T
SCAFFOLD00002,4620	C	C
SCAFFOLD00002,28411	G	G
SCAFFOLD00002,55804	C	C
SCAFFOLD00002,55808	A	A
SCAFFOLD00002,28790	A	C
SCAFFOLD00002,99855	G	G
SCAFFOLD00002,30207	T	T
SCAFFOLD00002,83643	C	C
SCAFFOLD00002,96649	A	G
SCAFFOLD00002,29437	T	T
SCAFFOLD00002,4261	A	A
SCAFFOLD00002,136576	A	A
SCAFFOLD00002,134903	T	T
SCAFFOLD00002,6534	G	G
SCAFFOLD00002,1875	G	G
SCAFFOLD00002,132111	G	G
SCAFFOLD00002,40454	G	G
SCAFFOLD00002,108141	T	T
SCAFFOLD00002,28702	G	G
SCAFFOLD00002,85427	T	T
SCAFFOLD00002,74223	T	T
SCAFFOLD00002,118324	G	G
SCAFFOLD00002,98297	A	A
SCAFFOLD00002,134874	C	T
SCAFFOLD00002,23887	C	C
SCAFFOLD00002,26718	T	T
SCAFFOLD00002,85604	G	T
SCAFFOLD00002,19109	G	G
SCAFFOLD00002,55385	C	T
SCAFFOLD00002,37541	C	C
SCAFFOLD00002,90778	C	C
SCAFFOLD00002,28770	T	T
SCAFFOLD00002,48251	G	G
SCAFFOLD00002,114050	G	G
SCAFFOLD00002,32014	C	C
SCAFFOLD00002,130282	T	T
SCAFFOLD00002,48137	T	T
SCAFFOLD00002,100341	A	A
SCAFFOLD00002,29273	G	A
SCAFFOLD00002,106651	T	T
SCAFFOLD00002,106656	G	G
SCAFFOLD00002,35243	G	T
SCAFFOLD00002,95800	C	C
SCAFFOLD00002,102649	C	A
SCAFFOLD00002,103249	C	T
SCAFFOLD00002,55514	G	T
SCAFFOLD00002,30581	T	T
SCAFFOLD00002,74543	A	A
SCAFFOLD00002,12953	C	C
SCAFFOLD00002,119353	C	C
SCAFFOLD00002,119351	T	T
SCAFFOLD00002,25163	C	T
SCAFFOLD00002,55687	A	A
SCAFFOLD00002,55683	T	T
SCAFFOLD00002,108031	G	G
SCAFFOLD00002,33900	G	G
SCAFFOLD00002,130664	A	A
SCAFFOLD00002,31722	T	T
SCAFFOLD00002,27460	C	C
SCAFFOLD00002,100988	G	G
SCAFFOLD00002,100769	C	C
SCAFFOLD00002,76464	G	G
SCAFFOLD00002,101080	C	A
SCAFFOLD00002,15459	C	C
SCAFFOLD00002,56038	G	G
SCAFFOLD00002,99311	T	T
SCAFFOLD00002,99310	T	T
SCAFFOLD00002,90680	C	T
SCAFFOLD00002,114545	T	T
SCAFFOLD00002,27602	C	C
SCAFFOLD00002,108513	A	A
SCAFFOLD00002,136587	T	T
SCAFFOLD00002,29971	A	A
SCAFFOLD00002,96776	A	A
SCAFFOLD00002,28583	A	A
SCAFFOLD00002,28580	C	C
SCAFFOLD00002,135650	G	A
SCAFFOLD00002,26279	T	T
SCAFFOLD00002,6441	G	G
SCAFFOLD00002,102268	G	C
SCAFFOLD00002,102507	T	C
SCAFFOLD00002,27675	T	T
SCAFFOLD00002,59253	A	A
SCAFFOLD00002,67477	G	G
SCAFFOLD00002,29601	G	G
SCAFFOLD00002,53762	A	A
SCAFFOLD00002,121807	A	C,T,G
SCAFFOLD00002,48506	A	A
SCAFFOLD00002,55329	C	T
SCAFFOLD00002,3946	A	A
SCAFFOLD00002,100795	G	G
SCAFFOLD00002,111554	G	G
SCAFFOLD00002,29230	G	G
SCAFFOLD00002,5094	A	A
SCAFFOLD00002,91042	G	G
SCAFFOLD00002,29821	A	A
SCAFFOLD00002,103361	A	T
SCAFFOLD00002,138023	A	A
SCAFFOLD00002,54522	G	G
SCAFFOLD00002,55257	G	C,A,T
SCAFFOLD00002,129872	G	G
SCAFFOLD00002,18992	A	G
SCAFFOLD00002,75525	A	T
SCAFFOLD00002,55883	A	A
SCAFFOLD00002,2937	A	A
SCAFFOLD00002,30173	C	C
SCAFFOLD00002,116923	G	G
SCAFFOLD00002,116922	T	T
SCAFFOLD00002,125953	T	C
SCAFFOLD00002,27429	T	T
SCAFFOLD00002,107639	T	C
SCAFFOLD00002,130492	C	C
SCAFFOLD00002,55630	C	C
SCAFFOLD00002,44101	T	T
SCAFFOLD00002,54782	T	T
SCAFFOLD00002,56671	G	G
SCAFFOLD00002,60487	A	A
SCAFFOLD00002,108558	C	C
SCAFFOLD00002,54017	C	C
SCAFFOLD00002,2206	C	C
SCAFFOLD00002,130225	A	A
SCAFFOLD00002,30273	G	G
SCAFFOLD00002,99225	C	C
SCAFFOLD00002,1867	G	G
SCAFFOLD00002,27638	G	G
SCAFFOLD00002,3727	G	G
SCAFFOLD00002,25256	C	T
SCAFFOLD00002,6353	C	C
SCAFFOLD00002,72296	C	T
SCAFFOLD00002,103034	A	A
SCAFFOLD00002,130032	C	C
SCAFFOLD00002,64537	C	C
SCAFFOLD00002,64532	G	G
SCAFFOLD00002,28067	G	G
SCAFFOLD00002,2105	C	C
SCAFFOLD00002,85351	A	A
SCAFFOLD00002,31329	G	G
SCAFFOLD00002,87551	A	A
SCAFFOLD00002,21702	G	A
SCAFFOLD00002,12812	G	G
SCAFFOLD00002,75078	T	T
SCAFFOLD00002,66846	G	G
SCAFFOLD00002,3438	T	T
SCAFFOLD00002,119064	T	T
SCAFFOLD00002,108322	G	G
SCAFFOLD00002,54875	A	C,G
SCAFFOLD00002,53878	C	C
SCAFFOLD00002,49397	A	A
SCAFFOLD00002,70130	C	C
SCAFFOLD00002,53873	G	G
SCAFFOLD00002,84658	T	T
SCAFFOLD00002,56482	G	G
SCAFFOLD00002,34810	C	T
SCAFFOLD00002,99151	A	A
SCAFFOLD00002,54580	A	A
SCAFFOLD00002,78900	C	C
SCAFFOLD00002,74257	C	C
SCAFFOLD00002,4151	T	T
SCAFFOLD00002,56417	C	C
SCAFFOLD00002,98936	G	G
SCAFFOLD00002,103921	A	A
SCAFFOLD00002,71355	T	T
SCAFFOLD00002,3985	T	T
SCAFFOLD00002,18820	G	A
SCAFFOLD00002,4511	C	C
SCAFFOLD00002,33933	A	C
SCAFFOLD00002,54720	T	T
SCAFFOLD00002,54290	G	G
SCAFFOLD00002,122532	G	G
SCAFFOLD00002,96976	A	A
SCAFFOLD00002,86433	G	G
SCAFFOLD00002,29463	C	C
SCAFFOLD00002,100077	T	T
SCAFFOLD00002,118135	C	C
SCAFFOLD00002,56158	G	G
SCAFFOLD00002,129796	G	G
SCAFFOLD00002,123204	G	G
SCAFFOLD00002,129615	G	G
SCAFFOLD00002,137727	C	C
SCAFFOLD00002,27523	G	G
SCAFFOLD00002,80602	G	G
SCAFFOLD00002,64142	C	C
SCAFFOLD00002,30344	C	C
SCAFFOLD00002,129090	G	G
SCAFFOLD00002,64289	C	C
SCAFFOLD00002,45197	G	G
SCAFFOLD00002,134510	T	T
SCAFFOLD00002,101894	T	C
SCAFFOLD00002,131779	T	T
SCAFFOLD00002,130535	G	G
SCAFFOLD00002,100411	C	C
SCAFFOLD00002,100414	T	T
SCAFFOLD00002,27709	C	C
SCAFFOLD00002,118555	G	G
SCAFFOLD00002,134217	C	C
SCAFFOLD00002,102510	G	A
SCAFFOLD00002,75239	G	G
SCAFFOLD00002,59300	C	C
SCAFFOLD00002,2788	C	C
SCAFFOLD00002,53010	A	T
SCAFFOLD00002,53019	C	C
SCAFFOLD00002,90234	T	T
SCAFFOLD00002,127281	T	T
SCAFFOLD00002,131801	A	A
SCAFFOLD00002,130820	A	A
SCAFFOLD00002,127289	G	G
SCAFFOLD00002,130041	A	A
SCAFFOLD00002,29227	C	C
SCAFFOLD00002,132477	A	A
SCAFFOLD00002,107978	T	T
SCAFFOLD00002,110968	C	T
SCAFFOLD00002,60323	T	T
SCAFFOLD00002,113943	A	A
SCAFFOLD00002,30147	C	C
SCAFFOLD00002,30146	G	G
SCAFFOLD00002,86579	A	A
SCAFFOLD00002,81683	C	C
SCAFFOLD00002,54792	G	T
SCAFFOLD00002,27249	A	A
SCAFFOLD00002,98909	C	C
SCAFFOLD00002,29253	A	A
SCAFFOLD00002,83486	A	A
SCAFFOLD00002,65106	C	C
SCAFFOLD00002,48089	T	T
SCAFFOLD00002,73459	C	C
SCAFFOLD00002,37811	T	T
SCAFFOLD00002,75340	C	C
SCAFFOLD00002,3607	T	T
SCAFFOLD00002,67634	C	T
SCAFFOLD00002,100933	T	T
SCAFFOLD00002,110218	G	G
SCAFFOLD00002,6888	C	C
SCAFFOLD00002,87678	G	G
SCAFFOLD00002,30260	G	G
SCAFFOLD00002,115321	C	C
SCAFFOLD00002,137655	C	C
SCAFFOLD00002,126618	A	T
SCAFFOLD00002,4393	G	G
SCAFFOLD00002,131732	A	A
SCAFFOLD00002,37862	G	G
SCAFFOLD00002,28523	T	T
SCAFFOLD00002,4694	G	G
SCAFFOLD00002,72289	G	G
SCAFFOLD00002,95316	C	C
SCAFFOLD00002,101461	G	G
SCAFFOLD00002,131932	C	C
SCAFFOLD00002,129618	A	A
SCAFFOLD00002,97272	G	A
SCAFFOLD00002,55564	A	A
SCAFFOLD00002,136678	C	T
SCAFFOLD00002,48632	T	T
SCAFFOLD00002,135950	C	C
SCAFFOLD00002,129832	A	G
SCAFFOLD00002,129839	A	A
SCAFFOLD00002,34780	A	A
SCAFFOLD00002,130512	T	T
SCAFFOLD00002,47297	G	G
SCAFFOLD00002,51467	G	G
SCAFFOLD00002,51468	C	C
SCAFFOLD00002,108339	C	C
SCAFFOLD00002,75162	C	T
SCAFFOLD00002,35398	A	C
SCAFFOLD00002,54868	G	G
SCAFFOLD00002,108334	C	C
SCAFFOLD00002,27385	A	A
SCAFFOLD00002,28618	A	A
SCAFFOLD00002,28612	T	T
SCAFFOLD00002,62955	A	A
SCAFFOLD00002,28758	T	T
SCAFFOLD00001,97659	A	A
SCAFFOLD00001,15606	A	A
SCAFFOLD00001,113828	G	G
SCAFFOLD00001,1308	A	T
SCAFFOLD00001,29860	T	T
SCAFFOLD00001,20448	A	A
SCAFFOLD00001,21272	C	C
SCAFFOLD00001,140385	G	A
SCAFFOLD00001,94796	T	T
SCAFFOLD00001,95180	T	T
SCAFFOLD00001,55916	C	C
SCAFFOLD00001,85469	A	A
SCAFFOLD00001,136371	T	T
SCAFFOLD00001,61749	C	C
SCAFFOLD00001,125452	G	G
SCAFFOLD00001,74148	G	A
SCAFFOLD00001,93383	C	C
SCAFFOLD00001,98829	C	C
SCAFFOLD00001,33421	G	G
SCAFFOLD00001,2155	G	G
SCAFFOLD00001,22263	C	C
SCAFFOLD00001,24710	A	A
SCAFFOLD00001,71346	C	C
SCAFFOLD00001,35930	C	C
SCAFFOLD00001,123562	G	G
SCAFFOLD00001,125664	G	T
SCAFFOLD00001,139704	T	C
SCAFFOLD00001,21176	C	C
SCAFFOLD00001,24828	T	T
SCAFFOLD00001,31264	C	C
SCAFFOLD00001,139058	A	T
SCAFFOLD00001,19941	G	G
SCAFFOLD00001,134363	C	C
SCAFFOLD00001,48517	C	C
SCAFFOLD00001,67619	C	C
SCAFFOLD00001,78083	C	T
SCAFFOLD00001,117148	C	C
SCAFFOLD00001,28639	T	T
SCAFFOLD00001,11474	C	C
SCAFFOLD00001,125912	G	A
SCAFFOLD00001,17089	G	G
SCAFFOLD00001,85003	G	A,T
SCAFFOLD00001,141070	T	T
SCAFFOLD00001,52148	T	T
SCAFFOLD00001,125426	A	C
SCAFFOLD00001,40739	G	G
SCAFFOLD00001,30991	T	T
SCAFFOLD00001,130659	A	A
SCAFFOLD00001,30995	T	T
SCAFFOLD00001,72763	C	T
SCAFFOLD00001,72762	A	A
SCAFFOLD00001,138730	A	A
SCAFFOLD00001,25194	G	G
SCAFFOLD00001,73963	A	C
SCAFFOLD00001,66250	A	A
SCAFFOLD00001,113863	G	G
SCAFFOLD00001,2548	C	C
SCAFFOLD00001,139081	A	A
SCAFFOLD00001,6310	T	T
SCAFFOLD00001,140953	T	T
SCAFFOLD00001,3746	A	A
SCAFFOLD00001,81747	A	A
SCAFFOLD00001,119868	C	T
SCAFFOLD00001,60184	C	A
SCAFFOLD00001,125470	T	C,G
SCAFFOLD00001,29521	A	A
SCAFFOLD00001,10137	C	C
SCAFFOLD00001,143314	G	C,A
SCAFFOLD00001,25329	C	C
SCAFFOLD00001,73767	G	G
SCAFFOLD00001,137313	A	A
SCAFFOLD00001,125455	G	T
SCAFFOLD00001,38433	A	A
SCAFFOLD00001,144163	A	G
SCAFFOLD00001,26424	T	T
SCAFFOLD00001,27854	C	C
SCAFFOLD00001,94380	G	G
SCAFFOLD00001,2271	G	G
SCAFFOLD00001,133584	T	T
SCAFFOLD00001,67017	G	G
SCAFFOLD00001,74333	G	G
SCAFFOLD00001,130792	T	T
SCAFFOLD00001,125933	A	G
SCAFFOLD00001,29386	T	T
SCAFFOLD00001,22148	C	C
SCAFFOLD00001,28496	C	C
SCAFFOLD00001,121832	G	G
SCAFFOLD00001,12125	C	C
SCAFFOLD00001,107528	A	A
SCAFFOLD00001,19503	G	G
SCAFFOLD00001,84894	G	G
SCAFFOLD00001,62345	G	G
SCAFFOLD00001,74842	C	C
SCAFFOLD00001,88286	C	C
SCAFFOLD00001,87082	C	C
SCAFFOLD00001,62504	G	T
SCAFFOLD00001,8216	G	G
SCAFFOLD00001,29310	G	G
SCAFFOLD00001,23714	G	G
SCAFFOLD00001,140107	A	A
SCAFFOLD00001,72466	T	T
SCAFFOLD00001,108414	G	C,A,T
SCAFFOLD00001,125658	A	A
SCAFFOLD00001,27323	T	T
SCAFFOLD00001,112888	G	G
SCAFFOLD00001,93054	G	G
SCAFFOLD00001,71305	A	A
SCAFFOLD00001,107126	C	C
SCAFFOLD00001,76397	G	G
SCAFFOLD00001,82218	C	C
SCAFFOLD00001,86320	G	G
SCAFFOLD00001,102534	C	C
SCAFFOLD00001,28663	A	A
SCAFFOLD00001,82434	A	A
SCAFFOLD00001,23013	C	C
SCAFFOLD00001,113466	G	A
SCAFFOLD00001,112003	T	T
SCAFFOLD00001,139027	C	C
SCAFFOLD00001,83773	A	A
SCAFFOLD00001,141751	C	C
SCAFFOLD00001,125538	T	C
SCAFFOLD00001,125621	C	C
SCAFFOLD00001,134648	G	G
SCAFFOLD00001,10647	C	C
SCAFFOLD00001,71533	C	C
SCAFFOLD00001,70573	A	A
SCAFFOLD00001,75773	G	G
SCAFFOLD00001,6611	G	G
SCAFFOLD00001,133772	G	G
SCAFFOLD00001,15543	G	G
SCAFFOLD00001,98851	G	A,T
SCAFFOLD00001,22806	T	T
SCAFFOLD00001,103135	A	A
SCAFFOLD00001,53450	G	G
SCAFFOLD00001,125241	G	T
SCAFFOLD00001,95178	G	G
SCAFFOLD00001,139693	C	T
SCAFFOLD00001,119780	G	G
SCAFFOLD00001,79757	A	T,G
SCAFFOLD00001,141613	T	T
SCAFFOLD00001,97344	C	C
SCAFFOLD00001,96118	C	C
SCAFFOLD00001,131487	G	G
SCAFFOLD00001,78074	G	G
SCAFFOLD00001,80402	A	A
SCAFFOLD00001,125636	T	T
SCAFFOLD00001,64922	C	C
SCAFFOLD00001,63542	C	C
SCAFFOLD00001,30034	G	G
SCAFFOLD00001,27868	A	A
SCAFFOLD00001,104743	C	C
SCAFFOLD00001,125656	C	C
SCAFFOLD00001,72600	C	T
SCAFFOLD00001,104878	C	C
SCAFFOLD00001,21702	G	G
SCAFFOLD00001,5526	C	C
SCAFFOLD00001,70333	C	A,G
SCAFFOLD00001,112133	T	T
SCAFFOLD00001,23225	A	A
SCAFFOLD00001,141775	C	C
SCAFFOLD00001,125494	T	T
SCAFFOLD00001,127266	G	G
SCAFFOLD00001,61815	T	T
SCAFFOLD00001,136995	G	C,T
SCAFFOLD00001,141909	T	C,G
SCAFFOLD00001,11074	A	A
SCAFFOLD00001,140514	A	A
SCAFFOLD00001,125891	C	A
SCAFFOLD00001,50146	G	G
SCAFFOLD00001,100751	C	C
SCAFFOLD00001,62927	C	C
SCAFFOLD00001,138477	A	A
SCAFFOLD00001,141916	G	C,T
SCAFFOLD00001,11480	A	A
SCAFFOLD00001,50148	G	G
SCAFFOLD00001,25490	A	A
SCAFFOLD00001,201	C	C
SCAFFOLD00001,125571	C	C
SCAFFOLD00001,8161	A	A
SCAFFOLD00001,30239	T	T
SCAFFOLD00001,18548	T	T
SCAFFOLD00001,125578	A	A
SCAFFOLD00001,5280	G	G
SCAFFOLD00001,80894	G	C
SCAFFOLD00001,138878	C	C
SCAFFOLD00001,616	G	G
SCAFFOLD00001,29723	C	C
SCAFFOLD00001,24321	A	A
SCAFFOLD00001,137744	C	C
SCAFFOLD00001,121305	C	C
SCAFFOLD00001,125939	A	A
SCAFFOLD00001,131746	G	G
SCAFFOLD00001,86424	T	T
SCAFFOLD00001,144137	G	G
SCAFFOLD00001,141763	T	T
SCAFFOLD00001,121079	T	T
SCAFFOLD00001,137039	T	T
SCAFFOLD00001,1979	T	T
SCAFFOLD00001,94798	G	G
SCAFFOLD00001,56555	A	A
SCAFFOLD00001,58282	T	G
SCAFFOLD00001,125985	A	A
SCAFFOLD00001,31609	T	T
SCAFFOLD00001,2539	C	C
SCAFFOLD00001,28389	A	A
SCAFFOLD00001,137675	G	A
SCAFFOLD00001,45526	G	A,T
SCAFFOLD00001,139773	C	A
SCAFFOLD00001,141670	T	T
SCAFFOLD00001,67219	T	T
SCAFFOLD00007,127716	G	G
SCAFFOLD00007,5172	T	T
SCAFFOLD00007,90780	A	C
SCAFFOLD00007,50488	A	A
SCAFFOLD00007,50899	T	T
SCAFFOLD00007,128785	A	A
SCAFFOLD00007,34802	A	C
SCAFFOLD00007,34803	A	G
SCAFFOLD00007,93954	G	G
SCAFFOLD00007,16569	T	G
SCAFFOLD00007,50364	G	G
SCAFFOLD00007,50080	A	A
SCAFFOLD00007,48295	A	A
SCAFFOLD00007,75700	G	G
SCAFFOLD00007,16563	G	T
SCAFFOLD00007,65538	A	C
SCAFFOLD00007,55117	C	C
SCAFFOLD00007,38117	T	G
SCAFFOLD00007,5374	T	T
SCAFFOLD00007,33135	G	A
SCAFFOLD00007,54853	G	C
SCAFFOLD00007,102273	A	A
SCAFFOLD00007,36808	G	G
SCAFFOLD00007,64848	A	A
SCAFFOLD00007,50793	C	C
SCAFFOLD00007,97489	C	C
SCAFFOLD00007,103543	A	A
SCAFFOLD00007,37974	C	C
SCAFFOLD00007,11700	A	A
SCAFFOLD00007,13167	C	C
SCAFFOLD00007,87	C	C
SCAFFOLD00007,56965	A	A
SCAFFOLD00007,15931	A	A
SCAFFOLD00007,58911	C	C
SCAFFOLD00007,47706	T	T
SCAFFOLD00007,78734	C	C
SCAFFOLD00007,33550	C	C
SCAFFOLD00007,28904	A	A
SCAFFOLD00007,107616	T	T
SCAFFOLD00007,47234	C	C
SCAFFOLD00007,7963	A	G
SCAFFOLD00007,29200	C	C
SCAFFOLD00007,76975	A	A
SCAFFOLD00007,96226	A	A
SCAFFOLD00007,126226	C	C
SCAFFOLD00007,47130	T	T
SCAFFOLD00007,71472	C	C
SCAFFOLD00007,49589	G	G
SCAFFOLD00007,75181	G	C
SCAFFOLD00007,5309	C	A
SCAFFOLD00007,73975	A	T
SCAFFOLD00007,73495	T	C
SCAFFOLD00007,34938	G	A
SCAFFOLD00007,54623	C	A,T,G
SCAFFOLD00007,39703	A	A
SCAFFOLD00007,92255	G	C,A,T
SCAFFOLD00007,126908	G	G
SCAFFOLD00007,45816	G	G
SCAFFOLD00007,74795	T	C
SCAFFOLD00007,95418	C	C
SCAFFOLD00007,126873	G	T
SCAFFOLD00007,28137	G	A
SCAFFOLD00007,87471	T	T
SCAFFOLD00007,34872	A	C
SCAFFOLD00007,2792	C	C
SCAFFOLD00007,2793	G	G
SCAFFOLD00007,42759	A	G
SCAFFOLD00007,43775	G	T
SCAFFOLD00007,91197	G	G
SCAFFOLD00007,129049	G	G
SCAFFOLD00007,78970	G	G
SCAFFOLD00007,73273	C	T
SCAFFOLD00007,85631	G	G
SCAFFOLD00007,73193	T	C
SCAFFOLD00007,45989	A	A
SCAFFOLD00007,44474	C	T
SCAFFOLD00007,45986	T	T
SCAFFOLD00007,53704	C	C
SCAFFOLD00007,64761	A	A
SCAFFOLD00007,105393	G	G
SCAFFOLD00007,34637	A	T
SCAFFOLD00007,12423	C	C
SCAFFOLD00007,91134	A	A
SCAFFOLD00007,104874	C	C
SCAFFOLD00007,33959	G	A
SCAFFOLD00007,5763	T	T
SCAFFOLD00007,13421	G	G
SCAFFOLD00007,85841	T	T
SCAFFOLD00007,75135	G	A
SCAFFOLD00007,42623	G	A
SCAFFOLD00007,48401	A	A
SCAFFOLD00007,129042	T	T
SCAFFOLD00007,57594	C	A
SCAFFOLD00007,20696	G	A
SCAFFOLD00007,120631	A	A
SCAFFOLD00007,92246	C	A,T,G
SCAFFOLD00007,16067	T	T
SCAFFOLD00007,40332	A	G
SCAFFOLD00007,29635	G	G
SCAFFOLD00007,126666	C	C
SCAFFOLD00007,55734	G	G
SCAFFOLD00007,85653	C	C
SCAFFOLD00007,52965	G	G
SCAFFOLD00007,35034	C	A
SCAFFOLD00007,121983	T	T
SCAFFOLD00007,92637	C	C
SCAFFOLD00007,75113	G	T
SCAFFOLD00007,95984	G	G
SCAFFOLD00007,90357	A	A
SCAFFOLD00007,109819	A	A
SCAFFOLD00007,64422	T	A
SCAFFOLD00007,92833	G	G
SCAFFOLD00007,35592	A	A
SCAFFOLD00007,52478	G	G
SCAFFOLD00007,16558	T	T
SCAFFOLD00007,91871	T	T
SCAFFOLD00007,109789	G	G
SCAFFOLD00007,16954	G	A
SCAFFOLD00007,78438	A	A
SCAFFOLD00007,31877	G	G
SCAFFOLD00007,50981	T	T
SCAFFOLD00007,72472	C	T
SCAFFOLD00007,42824	A	G
SCAFFOLD00007,58992	G	G
SCAFFOLD00007,71258	T	C
SCAFFOLD00007,49847	G	G
SCAFFOLD00007,65533	C	C
SCAFFOLD00007,93512	T	T
SCAFFOLD00007,106730	G	G
SCAFFOLD00007,45569	C	G
SCAFFOLD00007,106280	A	A
SCAFFOLD00007,50469	C	C
SCAFFOLD00007,35863	A	G
SCAFFOLD00007,5870	C	C
SCAFFOLD00007,47115	A	A
SCAFFOLD00007,102209	G	G
SCAFFOLD00007,65341	C	C
SCAFFOLD00007,89780	C	C
SCAFFOLD00007,56455	C	C
SCAFFOLD00007,36035	C	C
SCAFFOLD00007,128617	A	A
SCAFFOLD00007,119040	T	T
SCAFFOLD00007,39253	G	G
SCAFFOLD00007,128121	G	G
SCAFFOLD00007,109413	G	T
SCAFFOLD00007,103586	A	A
SCAFFOLD00007,100809	T	T
SCAFFOLD00007,48565	C	C
SCAFFOLD00007,119609	T	T
SCAFFOLD00007,126634	C	C
SCAFFOLD00007,29946	G	G
SCAFFOLD00007,127639	C	C
SCAFFOLD00007,40267	G	A
SCAFFOLD00007,100802	A	A
SCAFFOLD00007,104081	T	T
SCAFFOLD00007,47364	G	A
SCAFFOLD00007,90340	G	G
SCAFFOLD00007,46788	A	A
SCAFFOLD00007,94012	A	A
SCAFFOLD00007,33975	C	T
SCAFFOLD00007,12636	T	T
SCAFFOLD00007,105521	G	G
SCAFFOLD00007,48404	G	G
SCAFFOLD00007,46863	G	G
SCAFFOLD00007,40518	T	G
SCAFFOLD00007,40984	A	T,G
SCAFFOLD00007,124659	T	T
SCAFFOLD00007,90998	G	G
SCAFFOLD00007,105927	C	C
SCAFFOLD00007,40900	G	C,A
SCAFFOLD00007,90618	A	A
SCAFFOLD00007,5431	G	G
SCAFFOLD00007,75117	G	C
SCAFFOLD00007,117824	C	C
SCAFFOLD00007,105298	G	G
SCAFFOLD00007,47350	G	G
SCAFFOLD00007,49879	G	A,T
SCAFFOLD00007,7266	T	C
SCAFFOLD00007,78594	A	A
SCAFFOLD00007,48488	C	C
SCAFFOLD00007,4532	G	G
SCAFFOLD00007,49726	T	T
SCAFFOLD00007,67556	G	G
SCAFFOLD00007,103537	A	A
SCAFFOLD00007,40688	C	T
SCAFFOLD00007,50516	C	C
SCAFFOLD00007,128196	A	A
SCAFFOLD00007,93347	A	A
SCAFFOLD00007,125004	G	G
SCAFFOLD00007,106859	A	A
SCAFFOLD00007,34282	G	A
SCAFFOLD00007,47751	C	C
SCAFFOLD00007,63280	C	T
SCAFFOLD00007,34762	G	A
SCAFFOLD00007,46160	A	A
SCAFFOLD00007,637	C	C
SCAFFOLD00007,56873	G	G
SCAFFOLD00007,15867	A	A
SCAFFOLD00007,16539	C	A
SCAFFOLD00007,57751	A	A
SCAFFOLD00007,46473	C	T,G
SCAFFOLD00007,50317	C	C
SCAFFOLD00007,47376	T	T
SCAFFOLD00007,119279	A	A
SCAFFOLD00007,15795	G	G
SCAFFOLD00007,46879	C	C
SCAFFOLD00007,34561	A	G
SCAFFOLD00007,9028	G	G
SCAFFOLD00007,47371	G	G
SCAFFOLD00007,7845	A	G
SCAFFOLD00007,50233	C	C
SCAFFOLD00007,125701	G	G
SCAFFOLD00007,16736	T	T
SCAFFOLD00007,48416	A	A
SCAFFOLD00007,50132	A	A
SCAFFOLD00007,46071	T	T
SCAFFOLD00007,4170	A	A
SCAFFOLD00007,119073	G	G
SCAFFOLD00007,84744	A	A
SCAFFOLD00007,47834	C	C
SCAFFOLD00007,34886	C	T
SCAFFOLD00007,49866	C	A
SCAFFOLD00007,45892	A	A
SCAFFOLD00007,50332	A	A
SCAFFOLD00007,49619	G	A,T
SCAFFOLD00007,42604	C	C
SCAFFOLD00007,47084	G	G
SCAFFOLD00007,81999	G	G
SCAFFOLD00007,103532	T	T
SCAFFOLD00007,725	C	C
SCAFFOLD00007,59597	G	G
SCAFFOLD00007,81856	G	G
SCAFFOLD00007,46173	G	G
SCAFFOLD00007,16036	A	A
SCAFFOLD00007,127578	T	T
SCAFFOLD00007,103648	A	A
SCAFFOLD00007,102992	T	A,G
SCAFFOLD00007,75161	C	T
SCAFFOLD00007,111599	T	T
SCAFFOLD00007,126469	G	G
SCAFFOLD00007,73132	C	T
SCAFFOLD00007,78383	C	C
SCAFFOLD00007,35162	G	T
SCAFFOLD00007,4271	A	A
SCAFFOLD00007,87191	C	C
SCAFFOLD00007,106796	G	G
SCAFFOLD00007,119181	C	C
SCAFFOLD00007,86567	T	T
SCAFFOLD00007,38635	G	G
SCAFFOLD00007,98498	A	A
SCAFFOLD00007,16580	C	G
SCAFFOLD00007,100954	A	A
SCAFFOLD00007,34673	A	A
SCAFFOLD00007,108248	G	G
SCAFFOLD00007,5050	C	C
SCAFFOLD00007,82078	C	C
SCAFFOLD00007,4617	G	G
SCAFFOLD00007,49212	T	T
SCAFFOLD00007,45943	G	G
SCAFFOLD00007,118117	G	G
SCAFFOLD00007,37306	T	T
SCAFFOLD00007,11177	G	G
SCAFFOLD00007,6344	G	G
SCAFFOLD00007,105832	T	T
SCAFFOLD00007,879	T	T
SCAFFOLD00007,43549	A	A
SCAFFOLD00007,47145	T	T
SCAFFOLD00007,39779	G	G
SCAFFOLD00007,97749	G	G
SCAFFOLD00007,91142	A	A
SCAFFOLD00007,74201	C	A
SCAFFOLD00007,109138	A	A
SCAFFOLD00007,4553	G	G
SCAFFOLD00007,4593	G	G
SCAFFOLD00007,12211	A	A
SCAFFOLD00007,8858	T	T
SCAFFOLD00007,91129	G	G
SCAFFOLD00007,87495	G	G
SCAFFOLD00007,18489	G	G
SCAFFOLD00007,90664	T	T
SCAFFOLD00007,90179	G	G
SCAFFOLD00007,45097	A	A
SCAFFOLD00007,33769	G	G
SCAFFOLD00007,40805	T	C
SCAFFOLD00007,102153	G	G
SCAFFOLD00007,50519	G	G
SCAFFOLD00007,33628	C	C
SCAFFOLD00007,118139	G	G
SCAFFOLD00007,74079	A	A
SCAFFOLD00007,103797	A	A
SCAFFOLD00007,57022	A	A
SCAFFOLD00007,91147	A	A
SCAFFOLD00007,73417	A	G
SCAFFOLD00007,103554	G	G
SCAFFOLD00007,94156	T	T
SCAFFOLD00007,34542	T	A
SCAFFOLD00007,40891	C	C
SCAFFOLD00007,47358	A	A
SCAFFOLD00007,40897	G	G
SCAFFOLD00007,39517	C	T
SCAFFOLD00007,34951	T	C
SCAFFOLD00007,3700	A	A
SCAFFOLD00007,14371	A	G
SCAFFOLD00007,46915	G	G
SCAFFOLD00007,43828	G	A
SCAFFOLD00007,36557	G	G
SCAFFOLD00007,5362	C	C
SCAFFOLD00007,116594	C	C
SCAFFOLD00007,51310	A	A
SCAFFOLD00007,47694	T	T
SCAFFOLD00007,5831	T	T
SCAFFOLD00007,45954	G	G
SCAFFOLD00007,50257	T	T
SCAFFOLD00007,47241	T	T
SCAFFOLD00007,84926	A	A
SCAFFOLD00007,129059	G	G
SCAFFOLD00007,50253	C	C
SCAFFOLD00007,80150	T	G
SCAFFOLD00007,35768	T	G
SCAFFOLD00007,17260	C	A
SCAFFOLD00007,7468	G	G
SCAFFOLD00007,79155	C	C
SCAFFOLD00007,53745	C	C
SCAFFOLD00007,33584	C	T
SCAFFOLD00007,43410	C	G
SCAFFOLD00007,36079	C	C
SCAFFOLD00007,102416	T	T
SCAFFOLD00007,61109	G	G
SCAFFOLD00007,126862	G	C
SCAFFOLD00006,105674	G	G
SCAFFOLD00006,69014	T	T
SCAFFOLD00006,80203	T	T
SCAFFOLD00006,87339	C	C
SCAFFOLD00006,76908	T	T
SCAFFOLD00006,34495	G	G
SCAFFOLD00006,28501	A	A
SCAFFOLD00006,77379	G	G
SCAFFOLD00006,20275	G	G
SCAFFOLD00006,88568	G	G
SCAFFOLD00006,4474	A	A
SCAFFOLD00006,27366	G	G
SCAFFOLD00006,69420	G	G
SCAFFOLD00006,8862	T	C
SCAFFOLD00006,26075	G	G
SCAFFOLD00006,81083	G	G
SCAFFOLD00006,9231	T	T
SCAFFOLD00006,45733	G	G
SCAFFOLD00006,113733	C	C
SCAFFOLD00006,102479	C	C
SCAFFOLD00006,120294	A	A
SCAFFOLD00006,43177	G	G
SCAFFOLD00006,110956	G	G
SCAFFOLD00006,36068	C	C
SCAFFOLD00006,71908	C	C
SCAFFOLD00006,120129	C	C
SCAFFOLD00006,130804	C	C
SCAFFOLD00006,104069	A	A
SCAFFOLD00006,4338	T	T
SCAFFOLD00006,85313	A	A
SCAFFOLD00006,37915	T	T
SCAFFOLD00006,95849	T	T
SCAFFOLD00006,96557	C	C
SCAFFOLD00006,125516	G	G
SCAFFOLD00006,114572	A	A
SCAFFOLD00006,98441	G	G
SCAFFOLD00006,77118	G	G
SCAFFOLD00006,93903	C	C
SCAFFOLD00006,113741	C	C
SCAFFOLD00006,119137	T	T
SCAFFOLD00006,38803	G	G
SCAFFOLD00006,1952	G	G
SCAFFOLD00006,99262	C	C
SCAFFOLD00006,39375	G	G
SCAFFOLD00006,8021	T	T
SCAFFOLD00006,108752	G	G
SCAFFOLD00006,63525	C	C
SCAFFOLD00006,51373	C	T
SCAFFOLD00006,121429	A	T
SCAFFOLD00006,117303	T	T
SCAFFOLD00006,96156	C	C
SCAFFOLD00006,99879	T	T
SCAFFOLD00006,87503	T	T
SCAFFOLD00006,95970	A	A
SCAFFOLD00006,12745	G	G
SCAFFOLD00006,113740	C	C
SCAFFOLD00006,74492	G	G
SCAFFOLD00006,128162	T	T
SCAFFOLD00006,104077	T	T
SCAFFOLD00006,131260	G	G
SCAFFOLD00006,104129	A	A
SCAFFOLD00006,112180	A	A
SCAFFOLD00006,9099	T	C
SCAFFOLD00006,104382	G	G
SCAFFOLD00006,126959	C	T
SCAFFOLD00006,63580	T	T
SCAFFOLD00006,68958	C	C
SCAFFOLD00006,10046	A	A
SCAFFOLD00006,21531	C	C
SCAFFOLD00006,43196	C	C
SCAFFOLD00006,79291	C	C
SCAFFOLD00006,128000	C	C
SCAFFOLD00006,90908	G	G
SCAFFOLD00006,58365	G	G
SCAFFOLD00006,115997	C	C
SCAFFOLD00006,47147	G	G
SCAFFOLD00006,25209	T	C
SCAFFOLD00006,104377	A	A
SCAFFOLD00006,833	A	A
SCAFFOLD00006,36123	C	C
SCAFFOLD00006,41087	G	G
SCAFFOLD00006,27846	T	T
SCAFFOLD00006,36321	A	A
SCAFFOLD00006,75138	G	G
SCAFFOLD00006,99107	C	C
SCAFFOLD00006,69483	A	A
SCAFFOLD00006,90707	C	C
SCAFFOLD00006,69486	T	T
SCAFFOLD00006,105489	A	A
SCAFFOLD00006,915	C	C
SCAFFOLD00006,30444	G	G
SCAFFOLD00006,91420	A	A
SCAFFOLD00006,92327	A	A
SCAFFOLD00006,92636	A	A
SCAFFOLD00006,99050	G	G
SCAFFOLD00006,78860	G	G
SCAFFOLD00006,114173	C	C
SCAFFOLD00006,130917	C	C
SCAFFOLD00006,31790	A	A
SCAFFOLD00006,114168	T	T
SCAFFOLD00006,112394	G	G
SCAFFOLD00006,124592	G	G
SCAFFOLD00006,75207	C	C
SCAFFOLD00006,111191	A	C,T,G
SCAFFOLD00006,128691	C	A,T,G
SCAFFOLD00006,111409	A	A
SCAFFOLD00006,31878	G	G
SCAFFOLD00006,104456	C	C
SCAFFOLD00006,114353	T	T
SCAFFOLD00006,80856	C	C
SCAFFOLD00006,125998	C	C
SCAFFOLD00006,92427	C	T,G
SCAFFOLD00006,74235	G	G
SCAFFOLD00006,77	G	G
SCAFFOLD00006,11000	C	C
SCAFFOLD00006,127416	A	G
SCAFFOLD00006,64594	A	A
SCAFFOLD00006,86373	G	G
SCAFFOLD00006,91428	A	A
SCAFFOLD00006,4507	G	G
SCAFFOLD00006,119654	G	G
SCAFFOLD00006,104400	G	G
SCAFFOLD00006,98071	T	T
SCAFFOLD00006,32250	G	G
SCAFFOLD00006,89480	T	T
SCAFFOLD00006,113601	G	G
SCAFFOLD00006,126129	T	T
SCAFFOLD00006,113760	A	A
SCAFFOLD00006,110873	A	A
SCAFFOLD00006,120547	C	T
SCAFFOLD00006,76549	A	A
SCAFFOLD00006,54881	G	G
SCAFFOLD00006,18454	G	G
SCAFFOLD00006,99754	T	T
SCAFFOLD00006,105906	C	C
SCAFFOLD00006,112492	A	A
SCAFFOLD00006,129045	G	A
SCAFFOLD00006,7014	C	C
SCAFFOLD00006,11223	C	T
SCAFFOLD00006,93585	G	G
SCAFFOLD00006,27844	C	C
SCAFFOLD00006,20134	A	A
SCAFFOLD00006,75113	C	C
SCAFFOLD00006,96230	A	A
SCAFFOLD00006,99362	G	G
SCAFFOLD00006,105914	C	A
SCAFFOLD00006,28017	C	C
SCAFFOLD00006,113672	A	G
SCAFFOLD00006,56353	A	A
SCAFFOLD00006,89930	G	G
SCAFFOLD00006,28920	C	C
SCAFFOLD00006,3704	T	T
SCAFFOLD00006,10911	G	A
SCAFFOLD00006,114189	C	C
SCAFFOLD00006,84597	T	T
SCAFFOLD00006,69463	T	T
SCAFFOLD00006,65849	A	G
SCAFFOLD00006,116352	T	T
SCAFFOLD00006,98438	C	G
SCAFFOLD00006,98231	G	G
SCAFFOLD00006,116351	G	G
SCAFFOLD00006,36494	T	T
SCAFFOLD00006,111213	C	A,T,G
SCAFFOLD00006,96944	G	G
SCAFFOLD00006,98126	T	T
SCAFFOLD00006,126190	G	G
SCAFFOLD00006,91574	C	C
SCAFFOLD00006,121235	G	G
SCAFFOLD00006,111746	G	G
SCAFFOLD00006,74561	C	C
SCAFFOLD00006,130609	C	C
SCAFFOLD00006,67359	A	A
SCAFFOLD00006,113816	A	A
SCAFFOLD00006,17754	G	G
SCAFFOLD00006,14708	C	C
SCAFFOLD00006,117342	C	C
SCAFFOLD00006,61173	G	G
SCAFFOLD00006,44801	T	G
SCAFFOLD00006,105325	C	C
SCAFFOLD00006,42007	G	A
SCAFFOLD00006,69921	C	C
SCAFFOLD00006,110599	A	A
SCAFFOLD00006,99346	G	G
SCAFFOLD00006,39664	C	C
SCAFFOLD00006,116056	A	A
SCAFFOLD00006,76134	G	G
SCAFFOLD00006,108493	C	C
SCAFFOLD00006,125389	G	G
SCAFFOLD00006,40118	A	A
SCAFFOLD00006,81460	T	T
SCAFFOLD00006,52333	A	G
SCAFFOLD00006,118808	C	C
SCAFFOLD00006,62256	G	A
SCAFFOLD00006,121575	G	T
SCAFFOLD00006,28288	T	A,G
SCAFFOLD00006,59620	C	C
SCAFFOLD00006,22687	C	T
SCAFFOLD00006,43315	T	T
SCAFFOLD00006,38635	G	G
SCAFFOLD00006,106430	C	C
SCAFFOLD00006,14493	A	G
SCAFFOLD00006,88462	T	T
SCAFFOLD00006,35086	C	C
SCAFFOLD00006,13585	C	C
SCAFFOLD00006,79009	T	T
SCAFFOLD00006,57963	C	T
SCAFFOLD00006,87411	G	G
SCAFFOLD00006,23767	C	A
SCAFFOLD00006,108594	T	T
SCAFFOLD00006,126746	G	G
SCAFFOLD00006,117565	G	G
SCAFFOLD00006,66602	G	C,A,T
SCAFFOLD00006,91715	G	G
SCAFFOLD00006,42068	C	C
SCAFFOLD00006,45329	T	T
SCAFFOLD00006,60277	A	A
SCAFFOLD00006,59735	T	T
SCAFFOLD00006,75404	G	G
SCAFFOLD00006,26156	C	C
SCAFFOLD00006,95699	G	G
SCAFFOLD00006,35157	G	G
SCAFFOLD00006,7944	T	T
SCAFFOLD00006,22692	G	A
SCAFFOLD00006,12046	T	G
SCAFFOLD00006,128951	C	C
SCAFFOLD00006,92463	C	A,T,G
SCAFFOLD00006,131281	A	A
SCAFFOLD00006,112423	T	T
SCAFFOLD00006,106008	C	C
SCAFFOLD00006,74670	T	T
SCAFFOLD00006,481	C	C
SCAFFOLD00006,73329	G	G
SCAFFOLD00006,60967	C	C
SCAFFOLD00006,111144	G	G
SCAFFOLD00006,20305	G	G
SCAFFOLD00006,944	C	C
SCAFFOLD00006,105817	C	A,T
SCAFFOLD00006,120184	C	C
SCAFFOLD00006,40818	C	C
SCAFFOLD00006,83054	C	C
SCAFFOLD00006,54908	T	T
SCAFFOLD00006,57384	A	A
SCAFFOLD00006,107933	G	G
SCAFFOLD00006,105198	C	C
SCAFFOLD00006,54903	T	T
SCAFFOLD00006,61278	T	T
SCAFFOLD00005,59890	G	G
SCAFFOLD00005,61214	G	G
SCAFFOLD00005,22774	A	A
SCAFFOLD00005,52776	A	A
SCAFFOLD00005,59728	A	A
SCAFFOLD00005,82699	T	T
SCAFFOLD00005,12775	C	C
SCAFFOLD00005,107018	T	T
SCAFFOLD00005,52860	C	C
SCAFFOLD00005,39657	C	C
SCAFFOLD00005,23975	G	A
SCAFFOLD00005,16372	G	G
SCAFFOLD00005,18957	C	C
SCAFFOLD00005,81721	G	G
SCAFFOLD00005,94295	A	A
SCAFFOLD00005,93986	A	A
SCAFFOLD00005,39716	C	C
SCAFFOLD00005,104512	G	G
SCAFFOLD00005,109690	G	G
SCAFFOLD00005,113539	T	T
SCAFFOLD00005,7757	T	T
SCAFFOLD00005,125700	A	A
SCAFFOLD00005,26175	A	A
SCAFFOLD00005,92717	C	C
SCAFFOLD00005,101273	G	G
SCAFFOLD00005,90191	G	G
SCAFFOLD00005,120438	C	C
SCAFFOLD00005,61205	C	C
SCAFFOLD00005,98577	G	A,T
SCAFFOLD00005,52015	G	G
SCAFFOLD00005,60752	T	T
SCAFFOLD00005,124772	A	A
SCAFFOLD00005,42450	A	A
SCAFFOLD00005,99262	A	A
SCAFFOLD00005,76585	A	A
SCAFFOLD00005,75221	A	A
SCAFFOLD00005,59318	C	C
SCAFFOLD00005,61754	A	A
SCAFFOLD00005,76742	A	A
SCAFFOLD00005,39572	T	T
SCAFFOLD00005,120357	G	G
SCAFFOLD00005,94044	G	G
SCAFFOLD00005,19148	A	A
SCAFFOLD00005,35330	T	T
SCAFFOLD00005,102998	A	A
SCAFFOLD00005,129091	A	A
SCAFFOLD00005,41136	C	C
SCAFFOLD00005,19208	G	G
SCAFFOLD00005,49750	G	G
SCAFFOLD00005,86417	C	C
SCAFFOLD00005,49205	C	C
SCAFFOLD00005,104546	C	C
SCAFFOLD00005,70304	C	C
SCAFFOLD00005,89267	C	C
SCAFFOLD00005,57193	A	A
SCAFFOLD00005,59788	A	A
SCAFFOLD00005,6149	G	G
SCAFFOLD00005,59477	T	T
SCAFFOLD00005,118888	T	T
SCAFFOLD00005,68643	C	C
SCAFFOLD00005,108416	T	T
SCAFFOLD00005,86153	G	G
SCAFFOLD00005,98800	C	C
SCAFFOLD00005,13612	C	C
SCAFFOLD00005,26312	G	G
SCAFFOLD00005,103478	C	C
SCAFFOLD00005,92924	T	T
SCAFFOLD00005,86913	G	G
SCAFFOLD00005,99568	A	A
SCAFFOLD00005,21113	T	T
SCAFFOLD00005,109400	C	C
SCAFFOLD00005,99528	T	T
SCAFFOLD00005,131060	C	C
SCAFFOLD00005,100813	T	T
SCAFFOLD00005,96534	C	C
SCAFFOLD00005,105382	T	T
SCAFFOLD00005,38704	T	T
SCAFFOLD00005,61848	A	A
SCAFFOLD00005,103	G	T
SCAFFOLD00005,123548	A	A
SCAFFOLD00005,129414	T	T
SCAFFOLD00005,35454	C	C
SCAFFOLD00005,35795	C	C
SCAFFOLD00005,56516	G	G
SCAFFOLD00005,123265	C	C
SCAFFOLD00005,20023	C	C
SCAFFOLD00005,104465	T	T
SCAFFOLD00005,22864	T	T
SCAFFOLD00005,28325	C	C
SCAFFOLD00005,65457	C	C
SCAFFOLD00005,52106	G	G
SCAFFOLD00005,43597	C	C
SCAFFOLD00005,61255	C	C
SCAFFOLD00005,99366	G	G
SCAFFOLD00005,62103	A	A
SCAFFOLD00005,82018	T	T
SCAFFOLD00005,19293	A	A
SCAFFOLD00005,103758	G	G
SCAFFOLD00005,131090	C	C
SCAFFOLD00005,57905	T	T
SCAFFOLD00005,94655	C	C
SCAFFOLD00005,115867	G	G
SCAFFOLD00005,97968	A	A
SCAFFOLD00005,48851	A	A
SCAFFOLD00005,51228	C	C
SCAFFOLD00005,125498	T	T
SCAFFOLD00005,73770	G	G
SCAFFOLD00005,110751	T	T
SCAFFOLD00005,123542	G	G
SCAFFOLD00005,25656	T	T
SCAFFOLD00005,110359	G	G
SCAFFOLD00005,40275	T	T
SCAFFOLD00005,52625	G	G
SCAFFOLD00005,62766	C	C
SCAFFOLD00005,116749	G	G
SCAFFOLD00005,116196	T	T
SCAFFOLD00005,39747	T	T
SCAFFOLD00005,44491	C	C
SCAFFOLD00005,83570	G	G
SCAFFOLD00005,36549	G	G
SCAFFOLD00005,109220	A	A
SCAFFOLD00005,112868	C	C
SCAFFOLD00005,85896	G	G
SCAFFOLD00005,53726	C	C
SCAFFOLD00005,1452	C	T
SCAFFOLD00005,19458	T	T
SCAFFOLD00005,38876	A	A
SCAFFOLD00005,89525	T	T
SCAFFOLD00005,41078	G	G
SCAFFOLD00005,76244	C	C
SCAFFOLD00005,107030	A	A
SCAFFOLD00005,107200	A	A
SCAFFOLD00005,129394	C	C
SCAFFOLD00005,87712	G	G
SCAFFOLD00005,48979	A	A
SCAFFOLD00005,13712	A	A
SCAFFOLD00005,21892	A	A
SCAFFOLD00005,125499	T	T
SCAFFOLD00005,66963	T	T
SCAFFOLD00005,40964	A	A
SCAFFOLD00005,35777	T	T
SCAFFOLD00005,61158	A	A
SCAFFOLD00005,111666	C	C
SCAFFOLD00005,60998	C	C
SCAFFOLD00005,105893	T	T
SCAFFOLD00005,20941	G	G
SCAFFOLD00005,56649	A	A
SCAFFOLD00005,98028	C	C
SCAFFOLD00005,103951	C	C
SCAFFOLD00005,14900	G	A
SCAFFOLD00005,19881	A	A
SCAFFOLD00005,99483	C	C
SCAFFOLD00005,64395	C	C
SCAFFOLD00005,30023	C	C
SCAFFOLD00005,10509	C	C
SCAFFOLD00005,59182	G	C
SCAFFOLD00005,104639	T	T
SCAFFOLD00005,59135	G	G
SCAFFOLD00005,2166	G	T
SCAFFOLD00005,11160	C	C
SCAFFOLD00005,56544	C	C
SCAFFOLD00005,102483	T	T
SCAFFOLD00005,61006	T	T
SCAFFOLD00005,125326	G	G
SCAFFOLD00005,98132	T	T
SCAFFOLD00005,98133	C	C
SCAFFOLD00005,58289	A	A
SCAFFOLD00005,9662	A	C
SCAFFOLD00004,20446	G	G
SCAFFOLD00004,20445	T	T
SCAFFOLD00004,65154	C	C
SCAFFOLD00004,11826	A	G
SCAFFOLD00004,8306	C	T
SCAFFOLD00004,9677	G	G
SCAFFOLD00004,12629	C	T
SCAFFOLD00004,13088	G	G
SCAFFOLD00004,21401	T	T
SCAFFOLD00004,36103	T	C
SCAFFOLD00004,37046	G	C,T
SCAFFOLD00004,19153	C	C
SCAFFOLD00004,11180	T	T
SCAFFOLD00004,22766	G	A
SCAFFOLD00004,65372	T	T
SCAFFOLD00004,109054	T	T
SCAFFOLD00004,710	C	C
SCAFFOLD00004,101493	G	T
SCAFFOLD00004,27837	G	G
SCAFFOLD00004,70961	G	A
SCAFFOLD00004,80723	T	T
SCAFFOLD00004,80831	C	C
SCAFFOLD00004,20047	A	A
SCAFFOLD00004,4734	A	A
SCAFFOLD00004,11543	T	T
SCAFFOLD00004,51766	G	G
SCAFFOLD00004,69951	C	C
SCAFFOLD00004,44048	A	A
SCAFFOLD00004,19659	G	C,T
SCAFFOLD00004,40934	C	C
SCAFFOLD00004,59002	C	C
SCAFFOLD00004,69073	C	C
SCAFFOLD00004,21847	T	T
SCAFFOLD00004,57114	T	C
SCAFFOLD00004,12987	A	A
SCAFFOLD00004,55837	C	C
SCAFFOLD00004,22713	T	T
SCAFFOLD00004,59472	A	A
SCAFFOLD00004,56831	T	T
SCAFFOLD00004,14592	A	C
SCAFFOLD00004,80590	T	T
SCAFFOLD00004,20216	G	G
SCAFFOLD00004,88025	C	C
SCAFFOLD00004,66319	C	C
SCAFFOLD00004,27304	C	C
SCAFFOLD00004,11769	A	T
SCAFFOLD00004,86910	T	T
SCAFFOLD00004,11764	C	A
SCAFFOLD00004,66139	G	A
SCAFFOLD00004,8043	A	A
SCAFFOLD00004,49765	G	G
SCAFFOLD00004,50599	T	T
SCAFFOLD00004,14984	T	T
SCAFFOLD00004,70060	G	G
SCAFFOLD00004,133803	T	T
SCAFFOLD00004,128996	C	C
SCAFFOLD00004,101336	T	T
SCAFFOLD00004,111978	A	T
SCAFFOLD00004,45111	C	T
SCAFFOLD00004,78958	G	G
SCAFFOLD00004,53219	C	C
SCAFFOLD00004,87366	T	T
SCAFFOLD00004,58915	C	C
SCAFFOLD00004,64223	A	A
SCAFFOLD00004,64222	A	A
SCAFFOLD00004,68074	A	A
SCAFFOLD00004,96338	A	A
SCAFFOLD00004,12444	T	C
SCAFFOLD00004,36530	G	C,T
SCAFFOLD00004,22975	C	C
SCAFFOLD00004,58988	G	G
SCAFFOLD00004,24599	A	A
SCAFFOLD00004,99081	T	T
SCAFFOLD00004,27875	A	A
SCAFFOLD00004,14629	T	G
SCAFFOLD00004,12625	G	G
SCAFFOLD00004,22122	G	G
SCAFFOLD00004,12628	G	A
SCAFFOLD00004,29083	A	A
SCAFFOLD00004,133590	C	T
SCAFFOLD00004,23803	A	C
SCAFFOLD00004,96585	T	T
SCAFFOLD00004,68676	G	G
SCAFFOLD00004,101568	G	G
SCAFFOLD00004,11865	C	T
SCAFFOLD00004,55308	T	T
SCAFFOLD00004,61148	C	C
SCAFFOLD00004,27136	C	C
SCAFFOLD00004,83472	A	A
SCAFFOLD00004,25153	A	A
SCAFFOLD00004,65300	C	C
SCAFFOLD00004,44339	G	G
SCAFFOLD00004,24335	G	G
SCAFFOLD00004,13501	G	G
SCAFFOLD00004,86953	C	C
SCAFFOLD00004,11402	C	C
SCAFFOLD00004,51104	G	G
SCAFFOLD00004,5920	A	G
SCAFFOLD00004,79628	G	G
SCAFFOLD00004,6970	C	C
SCAFFOLD00004,12887	G	G
SCAFFOLD00004,49134	A	A
SCAFFOLD00004,52177	C	C
SCAFFOLD00004,92623	G	G
SCAFFOLD00004,103396	G	C
SCAFFOLD00004,100389	A	A
SCAFFOLD00004,103019	G	G
SCAFFOLD00004,7001	C	C
SCAFFOLD00004,102400	G	A
SCAFFOLD00004,26899	G	G
SCAFFOLD00004,43160	G	T
SCAFFOLD00004,40241	C	C
SCAFFOLD00004,91466	C	C
SCAFFOLD00004,129626	G	C
SCAFFOLD00004,89814	T	T
SCAFFOLD00004,9200	G	G
SCAFFOLD00004,20672	T	T
SCAFFOLD00004,99492	C	A
SCAFFOLD00004,70617	A	A
SCAFFOLD00004,91119	G	G
SCAFFOLD00004,7223	A	A
SCAFFOLD00004,109190	T	T
SCAFFOLD00004,20773	C	C
SCAFFOLD00004,12063	A	C
SCAFFOLD00004,12374	G	A
SCAFFOLD00004,12378	G	G
SCAFFOLD00004,12405	G	G
SCAFFOLD00004,52681	G	A
SCAFFOLD00004,129528	T	T
SCAFFOLD00004,36803	C	A
SCAFFOLD00004,62944	T	T
SCAFFOLD00004,55540	T	T
SCAFFOLD00004,134057	T	C
SCAFFOLD00004,22579	C	C
SCAFFOLD00004,87983	T	T
SCAFFOLD00004,44110	C	C
SCAFFOLD00004,72414	G	G
SCAFFOLD00004,127092	A	C
SCAFFOLD00004,24436	C	C
SCAFFOLD00004,13091	G	G
SCAFFOLD00004,53251	T	T
SCAFFOLD00004,13259	C	C
SCAFFOLD00004,87877	G	T
SCAFFOLD00004,18412	A	G
SCAFFOLD00004,55930	G	G
SCAFFOLD00004,101982	A	A
SCAFFOLD00004,71402	C	T
SCAFFOLD00004,7032	C	C
SCAFFOLD00004,86558	G	A
SCAFFOLD00004,7038	T	T
SCAFFOLD00004,22013	A	A
SCAFFOLD00004,29449	T	A
SCAFFOLD00004,4041	C	C
SCAFFOLD00004,49852	C	T
SCAFFOLD00004,6664	C	C
SCAFFOLD00004,68484	G	T
SCAFFOLD00004,21838	C	C
SCAFFOLD00004,52401	T	C
SCAFFOLD00004,11089	A	A
SCAFFOLD00004,22496	T	T
SCAFFOLD00004,22497	G	G
SCAFFOLD00004,20229	A	A
SCAFFOLD00004,10907	T	T
SCAFFOLD00004,19568	C	A,G
SCAFFOLD00004,129467	G	A
SCAFFOLD00004,49994	G	G
SCAFFOLD00004,103010	G	G
SCAFFOLD00004,4185	T	G
SCAFFOLD00004,23650	G	G
SCAFFOLD00004,39918	C	C
SCAFFOLD00004,64027	A	A
SCAFFOLD00004,102531	T	T
SCAFFOLD00004,83167	G	G
SCAFFOLD00004,10629	G	G
SCAFFOLD00004,58975	A	A
SCAFFOLD00004,23151	T	T
SCAFFOLD00004,91953	A	A
SCAFFOLD00004,7353	C	C
SCAFFOLD00004,89451	T	C
SCAFFOLD00004,122678	T	T
SCAFFOLD00004,11339	G	A
SCAFFOLD00004,6980	C	C
SCAFFOLD00004,49700	T	T
SCAFFOLD00004,13191	A	G
SCAFFOLD00004,12576	G	G
SCAFFOLD00004,59219	C	C
SCAFFOLD00004,70653	T	T
SCAFFOLD00004,70652	T	T
SCAFFOLD00004,104970	A	A
SCAFFOLD00004,59747	C	C
SCAFFOLD00004,112289	C	C
SCAFFOLD00004,16502	C	C
SCAFFOLD00004,29373	G	T
SCAFFOLD00004,12617	T	C
SCAFFOLD00004,130442	A	T
SCAFFOLD00004,13425	T	T
SCAFFOLD00004,100616	C	C
SCAFFOLD00004,49791	T	T
SCAFFOLD00004,82664	C	C
SCAFFOLD00004,104507	C	A
SCAFFOLD00004,96358	G	G
SCAFFOLD00004,13262	C	C
SCAFFOLD00004,52289	G	T
SCAFFOLD00004,91071	C	C
SCAFFOLD00004,22064	G	G
SCAFFOLD00004,111831	G	C,T
SCAFFOLD00004,2336	T	T
SCAFFOLD00004,88171	T	T
SCAFFOLD00004,12760	T	C
SCAFFOLD00004,27213	T	T
SCAFFOLD00004,93419	C	C
SCAFFOLD00004,41680	G	G
SCAFFOLD00004,100216	T	T
SCAFFOLD00004,127773	G	G
SCAFFOLD00004,69237	G	G
SCAFFOLD00004,21646	A	A
SCAFFOLD00004,23513	C	C
SCAFFOLD00004,83133	G	G
SCAFFOLD00004,65413	A	A
SCAFFOLD00004,65559	C	C
SCAFFOLD00004,41815	C	C
SCAFFOLD00004,11055	A	A
SCAFFOLD00004,92555	G	G
SCAFFOLD00004,95276	T	T
SCAFFOLD00004,80222	G	G
SCAFFOLD00004,90516	A	T
SCAFFOLD00004,66279	C	C
SCAFFOLD00004,13562	A	A
SCAFFOLD00004,104043	T	A
SCAFFOLD00004,29507	G	T
SCAFFOLD00004,29117	G	G
SCAFFOLD00004,97420	C	C
SCAFFOLD00004,50886	C	A
SCAFFOLD00004,91960	A	A
SCAFFOLD00004,127387	C	C
SCAFFOLD00004,70562	G	G
SCAFFOLD00004,48827	T	T
SCAFFOLD00004,51446	G	G
SCAFFOLD00004,20764	C	C
SCAFFOLD00004,53096	C	C
SCAFFOLD00004,53823	C	T
SCAFFOLD00004,56923	T	T
SCAFFOLD00004,57201	A	A
SCAFFOLD00004,105366	C	C
SCAFFOLD00004,78972	G	A
SCAFFOLD00004,11802	G	A
SCAFFOLD00004,11563	A	A
SCAFFOLD00004,69975	G	G
SCAFFOLD00004,120922	G	A
SCAFFOLD00004,82426	G	G
SCAFFOLD00004,55915	C	C
SCAFFOLD00004,49699	G	A
SCAFFOLD00004,49698	C	C
SCAFFOLD00004,39243	C	T
SCAFFOLD00004,51049	C	C
SCAFFOLD00004,130966	G	G
SCAFFOLD00004,32810	T	T
SCAFFOLD00004,51047	T	T
SCAFFOLD00004,43859	C	C
SCAFFOLD00004,68785	C	C
SCAFFOLD00004,64750	T	T
SCAFFOLD00004,102038	C	C
SCAFFOLD00004,20434	G	G
SCAFFOLD00004,12642	G	G
SCAFFOLD00004,26911	C	C
SCAFFOLD00004,85908	C	T
SCAFFOLD00004,71097	A	A
SCAFFOLD00004,20180	C	C
SCAFFOLD00004,28895	A	A
SCAFFOLD00004,41032	C	C
SCAFFOLD00004,18274	C	C
SCAFFOLD00004,29496	C	T
SCAFFOLD00004,71735	C	C
SCAFFOLD00004,110200	A	G
SCAFFOLD00004,59510	T	T
SCAFFOLD00004,11743	T	A
SCAFFOLD00004,64585	C	C
SCAFFOLD00004,62269	A	A
SCAFFOLD00004,77927	C	C
SCAFFOLD00004,97389	T	T
SCAFFOLD00004,101278	T	T
SCAFFOLD00004,79566	C	C
SCAFFOLD00004,40468	G	G
SCAFFOLD00004,7849	A	A
SCAFFOLD00004,6524	C	C
SCAFFOLD00004,6954	A	A
SCAFFOLD00004,102179	A	T
SCAFFOLD00004,12107	G	A
SCAFFOLD00004,134244	G	A
SCAFFOLD00004,84101	A	A
SCAFFOLD00004,24501	T	T
SCAFFOLD00004,126530	T	T
SCAFFOLD00004,49063	T	T
SCAFFOLD00004,38088	C	C
SCAFFOLD00004,62408	G	T
SCAFFOLD00004,66740	G	G
SCAFFOLD00004,23738	C	C
SCAFFOLD00004,87269	T	T
SCAFFOLD00004,87711	A	A
SCAFFOLD00004,52753	C	T
SCAFFOLD00004,23631	T	T
SCAFFOLD00004,54978	G	G
SCAFFOLD00004,109238	C	C
SCAFFOLD00004,90744	T	T
SCAFFOLD00004,84071	C	C
SCAFFOLD00004,12467	C	C
SCAFFOLD00004,54977	G	G
SCAFFOLD00004,6225	G	G
SCAFFOLD00004,53694	T	T
SCAFFOLD00004,28769	C	C
SCAFFOLD00004,73410	G	G
SCAFFOLD00004,11553	A	A
SCAFFOLD00004,23826	G	G
SCAFFOLD00004,51251	C	C
SCAFFOLD00004,104224	T	T
SCAFFOLD00004,119610	G	G
SCAFFOLD00004,56553	G	G
SCAFFOLD00004,51090	C	T
SCAFFOLD00004,65037	G	G
SCAFFOLD00004,800	C	T
SCAFFOLD00004,13177	T	C
SCAFFOLD00004,15601	G	G
SCAFFOLD00004,12920	C	C
SCAFFOLD00004,71070	C	T
SCAFFOLD00004,40712	C	C
SCAFFOLD00004,40098	C	A
SCAFFOLD00004,16569	T	T
SCAFFOLD00004,11788	C	C
SCAFFOLD00004,11789	G	A
SCAFFOLD00004,88247	G	G
SCAFFOLD00004,65323	A	A
SCAFFOLD00004,67169	T	T
SCAFFOLD00004,74783	G	G
SCAFFOLD00004,4	T	C
SCAFFOLD00004,37754	T	C
SCAFFOLD00004,83204	A	A
SCAFFOLD00004,37758	A	C
SCAFFOLD00004,29295	C	A
SCAFFOLD00004,29297	C	C
SCAFFOLD00004,64566	G	G
SCAFFOLD00004,33803	G	G
SCAFFOLD00004,25518	C	C
SCAFFOLD00004,19943	T	T
SCAFFOLD00004,101390	G	G
SCAFFOLD00004,69646	G	A
SCAFFOLD00004,69645	T	T
SCAFFOLD00004,23778	C	C
SCAFFOLD00004,64288	C	C
SCAFFOLD00004,49755	G	G
SCAFFOLD00004,49758	A	A
SCAFFOLD00004,8038	C	C
SCAFFOLD00004,17808	C	C
SCAFFOLD00004,20756	C	C
SCAFFOLD00004,8132	A	A
SCAFFOLD00004,90627	T	T
SCAFFOLD00004,58886	C	C
SCAFFOLD00004,89795	T	T
SCAFFOLD00004,38172	A	A
SCAFFOLD00004,12090	G	T
SCAFFOLD00004,45104	C	C
SCAFFOLD00004,134353	T	G
SCAFFOLD00004,58862	G	A
SCAFFOLD00004,65068	C	C
SCAFFOLD00004,22558	T	T
SCAFFOLD00004,78942	G	G
SCAFFOLD00004,61032	C	C
SCAFFOLD00004,52839	T	T
SCAFFOLD00004,62456	A	A
SCAFFOLD00004,116121	G	G
SCAFFOLD00004,63512	T	T
SCAFFOLD00004,22984	C	C
SCAFFOLD00004,12450	G	A
SCAFFOLD00004,51052	T	T
SCAFFOLD00004,21692	A	A
SCAFFOLD00004,49686	G	G
SCAFFOLD00004,8894	C	A
SCAFFOLD00004,89471	T	C
SCAFFOLD00004,55020	G	G
SCAFFOLD00004,147	C	C
SCAFFOLD00004,42130	C	C
SCAFFOLD00004,110147	G	A
SCAFFOLD00004,54438	T	T
SCAFFOLD00004,127540	C	T
SCAFFOLD00004,13237	A	A
SCAFFOLD00004,123474	A	A
SCAFFOLD00004,55542	A	A
SCAFFOLD00004,51904	C	T
SCAFFOLD00004,40055	A	T
SCAFFOLD00004,12636	T	C
SCAFFOLD00004,22426	A	A
SCAFFOLD00004,27844	A	A
SCAFFOLD00004,49873	T	T
SCAFFOLD00004,23797	T	T
SCAFFOLD00004,10993	C	C
SCAFFOLD00004,15809	G	T
SCAFFOLD00004,54163	A	G
SCAFFOLD00004,109429	C	T
SCAFFOLD00004,63601	G	T
SCAFFOLD00004,133196	G	T
SCAFFOLD00004,19904	C	A
SCAFFOLD00004,83744	G	G
SCAFFOLD00004,66321	G	G
SCAFFOLD00004,59691	T	T
SCAFFOLD00004,83984	C	A
SCAFFOLD00004,59594	C	C
SCAFFOLD00004,83982	A	A
SCAFFOLD00004,6692	C	C
SCAFFOLD00004,69217	G	G
SCAFFOLD00004,104411	A	T
SCAFFOLD00004,67131	C	T
SCAFFOLD00004,150	T	C
SCAFFOLD00004,21960	G	C
SCAFFOLD00004,99336	G	G
SCAFFOLD00004,101992	T	T
SCAFFOLD00004,86868	T	T
SCAFFOLD00004,16983	G	T
SCAFFOLD00004,6942	T	T
SCAFFOLD00004,7835	A	A
SCAFFOLD00004,132503	G	A
SCAFFOLD00004,4513	G	G
SCAFFOLD00004,49015	G	G
SCAFFOLD00004,60038	C	C
SCAFFOLD00004,7746	G	G
SCAFFOLD00004,49154	T	T
SCAFFOLD00004,64957	C	C
SCAFFOLD00004,13197	A	C
SCAFFOLD00004,62418	T	C
SCAFFOLD00004,72308	G	G
SCAFFOLD00004,83584	A	A
SCAFFOLD00004,48803	T	T
SCAFFOLD00004,67856	G	G
SCAFFOLD00004,8413	G	G
SCAFFOLD00004,67916	A	A
SCAFFOLD00004,64318	A	A
SCAFFOLD00004,11313	A	A
SCAFFOLD00004,119690	G	G
SCAFFOLD00004,82987	T	T
SCAFFOLD00004,36560	G	A
SCAFFOLD00004,72944	T	T
SCAFFOLD00004,45150	C	T
SCAFFOLD00004,66106	C	C
SCAFFOLD00004,12202	T	C
